2.76297
3.69682
3.95079
3.68579
3.54908
3.9635
2.82205
2.96069
4.22991
3.52547
3.41527
3.68382
3.8498
3.26706
2.86805
4.06052
3.55496
3.83595
3.65348
3.55341
3.44411
2.93456
3.82808
4.1045
3.08223
2.85769
4.33869
3.17976
3.392
3.37303
4.15468
3.11677
4.29325
2.86289
3.03802
3.05023
3.06846
3.29799
4.26929
4.61125
2.97117
4.39253
3.83285
3.42843
3.05764
3.44197
4.12027
2.91097
4.64451
3.54501
4.07571
3.18759
4.14811
2.6549
3.77689
3.82344
3.58266
4.48116
3.49729
2.71282
3.06909
3.18137
3.75049
3.82672
4.44658
4.0152
3.90968
3.4757
4.30182
2.93842
4.2912
3.33796
3.82961
4.08624
3.64899
2.498
4.50893
2.87033
3.89215
4.33298
3.97699
3.94165
3.21734
3.25298
2.86196
3.33257
3.55814
3.21509
3.123
4.37682
3.40477
4.20704
3.56963
4.07545
3.72932
3.76993
3.30253
3.07816
2.83838
3.36747
3.95683
3.11677
3.4435
3.70818
4.10482
2.62962
4.40327
3.28469
2.94043
4.06916
2.94475
3.73526
4.37209
3.56311
3.71481
3.8392
3.99188
3.9729
4.20043
3.09009
3.32189
4.07615
3.23536
3.44065
4.77431
4.06318
3.07826
3.39177
3.87317
3.96139
3.58516
3.94713
3.42484
3.91188
2.92703
2.68533
3.45014
3.71022
3.19553
3.37028
3.78105
3.18536
3.14144
3.66602
3.31918
3.9152
3.52848
3.15583
2.31575
2.72712
3.3738
2.54509
4.00665
2.5083
3.69507
3.47233
3.45812
3.38403
4.30584
2.61496
3.01307
3.41396
3.5119
4.48757
3.14136
4.12152
3.70452
2.82787
3.68301
3.82859
3.19619
3.43207
4.34443
3.62807
3.38728
2.99546
3.31544
4.12841
3.42891
4.19599
2.68999
3.37892
3.68622
2.95158
2.75931
2.48271
4.03334
4.29781
2.92739
3.42527
3.48057
3.98477
3.17756
3.54708
3.8082
2.92707
3.10187
3.90928
3.58438
3.926
3.9017
4.33285
3.88533
3.94565
3.8316
3.69028
3.87664
2.64608
3.71612
3.45159
3.02139
3.5213
3.85647
3.60655
2.80784
3.28664
4.50009
2.95091
1.30412
3.9829
3.52332
3.67369
2.97742
4.01884
3.46589
3.64611
3.39195
4.04178
3.41554
4.24591
3.4224
2.57125
3.70274
3.41986
3.24867
4.50195
3.39517
3.81175
3.86447
3.19297
4.11789
3.69309
3.82837
3.71115
4.40473
4.61403
4.13142
3.81598
3.4742
3.78638
3.58611
3.09984
3.40741
4.02386
3.7237
3.95848
3.4938
2.90353
4.15095
3.58111
2.83581
3.19167
3.89178
3.98606
3.98966
2.07129
3.66509
3.67885
3.38262
3.75949
4.26582
3.32222
3.18584
2.717
3.44229
3.96742
3.53757
3.8602
3.65003
3.21321
4.15513
3.74846
2.50593
3.40085
2.76649
4.14927
4.19483
2.88412
3.72377
3.11627
2.84121
3.02898
3.47159
2.36249
3.19064
3.55745
3.2197
3.30869
3.24481
4.1329
3.13043
3.26088
3.56919
3.43558
3.60867
3.68191
3.39898
3.65322
3.8921
3.42925
3.00205
3.39924
3.87388
3.70481
3.88609
2.42313
3.74752
4.5395
2.40532
4.05187
3.00818
2.98437
3.21049
2.9574
2.77446
3.10106
3.89179
2.97493
3.3537
4.10466
3.84887
2.81428
2.66114
3.625
4.03597
3.28787
4.12855
3.91956
1.76879
3.42102
2.88019
3.42756
3.39524
3.27963
2.91108
3.96447
3.75297
1.99118
2.31499
2.62563
4.23402
3.06009
3.51833
4.32779
4.00164
3.05261
3.60532
2.49786
3.83586
3.54504
2.79402
3.54128
4.19645
4.10218
3.64568
3.2613
3.95087
3.38868
3.20125
4.12579
3.00329
3.6064
3.22611
3.6392
3.3314
4.0738
3.5761
4.2801
3.12308
4.45302
2.83981
3.37347
4.62733
3.24768
3.25311
4.93978
4.08467
3.74653
2.54004
3.23539
3.31638
3.00303
3.16722
4.0569
4.1033
4.33877
3.72991
3.29936
4.16496
3.09673
3.80096
4.01425
3.38513
3.43119
4.03712
3.29772
3.44139
3.68066
4.4082
3.35919
2.59449
4.30258
3.06751
3.54439
3.72989
3.25863
3.72868
4.17398
4.24624
3.97777
3.86377
3.41133
4.16767
3.43689
3.01662
2.81585
4.17228
3.20404
2.98973
3.22835
2.8132
3.39619
3.68015
3.66715
2.55537
3.81587
3.25091
2.37972
3.3827
4.04935
2.95853
4.09388
2.64458
3.05985
3.41054
3.25782
3.72807
3.48621
3.57809
3.25473
3.54366
4.10013
3.47049
3.88245
4.45804
3.99803
4.43307
3.84123
4.02431
4.38679
3.64399
3.36474
2.37334
3.04811
2.68785
3.64202
3.44673
3.80308
3.75175
4.34127
3.72899
3.69213
4.13675
3.49385
2.77062
3.02491
3.54594
4.61352
2.68778
4.31369
3.33187
2.16134
3.73531
3.55477
4.24577
3.73662
3.56079
2.79971
2.72958
3.15874
2.61469
4.05856
3.68491
3.19484
3.69495
3.87111
3.30606
3.84976
3.35963
3.28352
4.44461
3.13114
3.29374
4.02742
3.36732
3.73047
4.62718
3.35181
3.48283
3.30374
4.06811
3.24756
3.28152
3.25064
2.71546
2.97135
4.12117
3.53132
3.89268
3.97555
3.61098
2.96449
3.86388
3.09115
3.2287
3.54638
4.50246
4.03738
3.73519
3.64981
3.71236
4.66382
3.6008
3.70981
3.408
3.74836
2.71995
3.04256
2.96366
3.39098
4.36549
3.54563
4.72794
2.96228
2.87496
3.26201
3.31988
3.52133
4.33361
4.33324
3.848
3.63883
3.63516
3.69667
3.52204
2.42223
3.9459
3.57591
3.20304
3.87218
4.05457
2.86278
4.05706
3.62499
3.69185
4.03681
3.64652
2.96363
2.88721
3.54282
3.79186
3.91902
3.21954
3.31949
3.88339
3.79928
3.41176
3.39439
2.74096
3.67299
3.92229
4.14138
4.10363
4.3955
3.77345
3.34613
3.72233
3.87008
3.81337
3.03079
4.11709
3.96309
2.69444
2.47368
3.49961
3.40988
2.37513
3.67432
3.14129
2.52589
4.06134
4.2854
2.98794
3.7466
3.04808
3.66394
3.54464
3.8075
3.91105
4.15701
4.09473
3.51298
3.88012
3.64015
3.74985
3.98772
4.6845
4.18232
2.74325
3.3802
2.61244
4.39126
3.78755
3.07808
4.22952
3.83252
4.30907
3.16789
3.45599
3.5438
3.40201
3.6814
3.54368
3.1324
3.31051
3.97728
3.39055
3.01935
3.30365
4.31226
3.39023
3.96684
3.33816
3.24071
3.74607
3.94153
3.18075
3.95888
3.72362
3.92492
3.65971
3.01417
3.53321
3.07446
3.16775
4.18372
3.70652
2.89044
3.76092
3.60296
2.67935
2.95788
3.3809
4.01996
3.02579
3.33962
3.3843
3.6531
3.97545
3.82622
3.27683
4.24403
3.45225
4.77381
2.89035
4.911
3.75043
4.00597
3.08605
2.88394
3.3675
3.62988
4.04683
3.52353
3.55051
3.79181
4.13966
3.47107
3.33678
3.30258
3.33835
3.84666
3.98801
3.31215
2.67725
3.8882
4.46756
3.93051
3.41451
3.22495
4.49998
1.8645
3.56925
3.24539
3.15818
4.16221
2.98077
3.45608
3.48435
3.51286
3.82302
4.21457
3.29497
3.615
4.48753
2.77782
4.02739
3.35787
3.15765
3.23347
3.57448
3.61417
3.77825
4.04213
4.1794
3.27027
3.09543
3.73775
3.42776
3.72218
3.55731
4.7651
2.56137
3.23091
3.14569
3.30185
4.18364
3.39392
4.40153
3.87937
3.41288
2.75242
3.04007
3.87648
2.98466
3.57289
4.02047
3.81054
3.20998
3.44944
3.79131
3.85506
3.05322
3.53216
3.43917
4.42111
3.58154
2.12905
3.83523
2.81515
4.1526
3.72949
3.09685
3.41114
3.45611
3.20014
3.72012
3.78035
2.5353
3.7348
3.76901
3.17105
3.15672
3.65836
2.63783
3.99172
3.0781
3.34604
4.00222
4.34035
3.75609
3.43101
3.89786
3.18739
3.72095
3.67837
3.76987
1.52179
4.05863
3.74703
3.47915
3.00291
3.89255
2.77444
3.40529
3.74898
3.40462
3.48881
3.41838
4.2128
3.57981
4.50224
3.52843
3.12393
3.72629
4.18599
3.27652
3.63558
4.02159
4.43354
3.96322
3.64065
3.87229
3.30421
3.69879
3.19786
3.97387
4.04124
4.67895
3.76045
4.05946
4.25567
3.33762
3.51836
3.41997
3.67503
4.04381
3.87913
4.43305
3.8119
3.20891
4.66265
4.0827
4.15482
4.05122
3.71818
3.72854
3.9411
1.71937
2.8564
3.15566
4.29755
2.99296
3.56305
3.82234
2.94298
3.2035
3.30616
2.81259
3.40679
3.11731
3.16595
3.61898
4.0274
3.65056
4.17544
4.09594
2.83668
2.70541
3.43119
3.82286
3.89832
4.25137
3.50167
3.80348
4.19388
4.53395
3.06633
4.20848
3.34327
3.31062
4.51757
3.91126
3.6893
3.33853
2.25221
3.65733
3.76225
3.78659
2.92957
3.70252
3.78349
3.00956
4.44588
3.31772
3.59283
4.0657
2.74718
3.57046
4.14082
3.99794
3.30695
3.38444
4.04128
3.64051
3.14659
3.9023
3.21231
4.40842
3.45327
4.05793
3.16427
3.45808
3.71446
4.10792
2.56295
3.36865
3.90022
3.63803
3.58502
3.94488
4.0268
3.97397
2.75875
3.82118
3.64802
3.42784
4.01493
3.73126
3.82519
2.98938
3.43815
3.49943
3.15325
4.22584
3.47282
2.75076
3.79776
3.16768
4.14837
4.59184
3.77869
3.45412
4.05277
3.27409
2.86334
3.20656
3.86921
4.1438
3.15239
3.64426
3.32082
3.41961
3.18455
3.26678
4.53957
3.39788
4.06281
3.98015
4.25343
4.45888
4.40579
3.6055
3.69585
3.23661
3.76406
3.6019
2.78037
3.27624
3.41746
3.57468
3.15268
3.23578
2.47253
3.18508
3.4169
4.03118
3.78149
4.52004
3.57577
2.89414
3.83543
4.2481
2.8841
3.37021
3.56323
3.42308
3.60144
3.04068
4.10639
3.11081
3.91261
4.06383
4.62129
4.24905
3.7672
3.05729
3.80439
3.97401
3.45544
3.66778
3.12585
3.34739
3.80541
3.01751
3.87607
3.84899
2.50959
2.7475
3.16786
4.47271
2.97992
4.13827
4.23232
4.52953
3.04094
3.40963
3.14531
4.53158
3.06864
3.32661
4.50329
4.45589
3.58501
3.30486
3.47047
2.09368
3.623
4.08517
4.07457
3.98891
3.10935
4.22706
3.97737
3.70927
4.05774
4.18524
3.69003
3.24642
3.52358
3.49234
3.88576
4.05808
3.25506
2.66914
3.85093
3.85378
3.64962
2.71751
4.55736
3.70335
3.79994
3.70783
4.33662
3.92389
2.97037
2.8053
4.13964
3.68766
4.07442
3.63341
3.50854
2.74288
2.43184
4.49989
4.36386
3.12214
3.95112
2.88453
3.34015
3.12878
4.1477
3.08132
3.50453
3.17063
3.76445
3.82792
2.52941
3.98032
3.68116
3.26429
4.44199
2.43797
3.93667
2.37361
3.61893
3.57387
4.60257
3.75364
3.94893
3.57175
3.06453
3.30416
3.49057
4.02946
3.44788
4.29164
4.23359
3.3894
4.31357
3.67388
2.69986
3.78363
3.20257
3.30674
4.09934
2.6497
2.67101
3.44667
4.26699
3.71395
2.90081
3.94372
2.4666
3.28461
3.7372
3.4516
3.11551
3.33404
3.86819
4.11941
3.91897
2.92341
2.78001
4.22205
3.60909
3.98409
3.874
3.30419
3.80239
3.77804
2.79588
3.26625
3.79593
4.28759
3.19166
3.80852
3.43703
3.99151
3.97533
3.24568
2.9253
3.65917
3.81068
3.53904
3.30319
3.25743
3.87507
3.39033
3.81336
4.12812
3.80325
3.67885
3.2061
4.28897
2.88643
3.63615
4.0982
4.75579
3.16579
4.16401
3.75648
3.87539
3.49157
3.54309
3.92976
3.67055
3.96676
3.93544
2.97009
2.6609
3.37233
3.50805
3.80075
3.86989
3.68483
3.23786
2.62282
3.62765
4.05284
2.05298
3.30395
3.50984
2.88269
2.56528
3.59516
4.19774
3.9272
3.10957
4.09931
3.6711
4.1665
3.43126
4.35063
3.24989
3.46642
4.57325
3.75423
2.94994
4.0061
2.92294
3.77871
3.38302
4.25047
3.56699
3.05136
3.33678
3.42259
3.04523
3.20342
3.68421
2.85109
2.11424
3.05044
4.1229
3.05154
3.25096
3.23501
3.22892
3.19097
4.0295
3.72173
3.51458
3.04395
3.27852
3.69633
3.43274
2.94312
2.81898
3.29553
3.23719
3.37555
3.4958
3.21966
3.35996
3.16124
3.29956
4.19588
3.3406
2.9285
4.23704
3.26131
2.66329
4.77545
3.28224
3.39731
3.60364
4.14194
3.35067
3.86624
3.87655
4.09941
3.94782
3.8833
3.61536
3.83851
3.22741
3.24839
3.50161
3.36931
3.17685
4.19439
4.27167
4.08981
3.81192
3.54677
4.29222
3.91657
3.29493
4.16956
3.4889
4.46438
3.63332
4.00997
3.19895
3.01296
3.93068
3.36847
3.68101
3.56
3.86366
2.96667
3.74278
4.21461
3.56846
2.50819
2.80452
3.02785
3.04269
3.54325
4.49104
3.40918
3.20601
3.95215
3.51712
3.11787
3.34482
3.41145
2.8978
3.96671
4.57687
4.11548
3.34373
3.93887
3.58245
3.27828
3.41458
4.32942
4.3035
4.00784
3.34657
3.33454
3.07242
2.53563
4.1775
3.28998
2.72954
2.72991
3.84679
3.10805
4.66795
3.47561
3.13967
3.69732
2.1987
3.16053
4.09292
3.42065
3.22618
3.94802
2.80511
2.07856
3.52511
3.90014
3.0954
3.76606
4.27625
3.17753
3.57969
4.60468
3.32555
4.30236
4.43583
3.10086
3.3362
3.52919
2.85345
3.00342
3.44461
3.22944
2.5678
3.92192
3.63271
3.54465
4.54694
3.85604
3.44002
4.04332
3.44747
3.64325
3.61722
3.63141
3.90645
3.89088
3.26905
3.9544
3.4661
3.73461
3.79341
4.14738
4.18931
3.82494
3.41973
3.5041
4.24777
3.92237
4.05704
3.42111
3.91198
3.19157
2.90232
3.34347
2.80723
3.77089
3.94345
3.77947
3.42573
3.55893
3.30205
4.22897
3.10924
2.75662
3.09925
4.15195
2.86832
3.29086
3.39854
4.21027
3.36177
2.78314
3.23176
3.38016
3.57713
3.23441
3.33331
3.0604
3.38398
3.73443
3.15371
3.86136
4.13342
3.71292
3.78698
2.71032
3.55744
4.22809
3.12505
3.10027
3.48088
4.25879
3.54232
3.73744
3.55825
3.45277
3.61786
3.60406
3.46885
2.81691
3.93618
2.96871
3.71756
3.52264
3.26342
3.97868
3.60232
3.86835
3.21208
4.20231
3.37963
3.13708
3.56537
2.85026
2.64457
3.25539
3.85218
3.22644
3.35977
4.09206
3.7481
4.39926
4.26332
2.89786
3.09096
2.52985
3.41748
4.28627
4.01404
3.6008
2.56135
3.83885
2.88983
3.97113
3.37855
3.29467
3.63974
3.19463
4.45054
3.57114
2.80768
3.90414
3.29129
3.17569
3.51813
3.90983
2.92936
4.09703
3.37086
3.52043
3.44501
3.26819
3.7337
3.17145
3.5747
3.46585
3.36919
3.37282
3.29008
3.77974
3.08969
4.03932
3.14053
3.20726
4.0546
3.6357
3.24925
4.34306
3.30808
3.62782
2.65577
3.57039
3.61913
4.58349
3.56507
2.5026
4.22649
3.81015
3.91446
3.4887
4.68273
3.35875
2.53273
3.75164
3.68949
4.30602
4.40426
4.00179
3.14965
3.55921
4.03483
3.10343
3.81919
3.3835
3.09314
2.67704
3.03375
3.16202
3.60594
2.98507
3.3125
3.42741
3.74213
3.3451
3.31831
3.6992
3.39159
3.53558
4.9005
4.16371
4.29745
3.64445
3.86395
3.05084
3.05388
3.81818
3.41104
2.92342
3.69184
3.76492
4.07347
3.59344
3.94154
4.1041
4.40422
3.09984
3.10607
4.21734
4.58168
3.14123
4.15578
4.02129
3.20615
3.40663
2.91286
3.31094
4.43511
3.02029
3.38828
3.69878
3.26048
2.98739
3.50415
3.32407
3.57501
4.16689
2.95775
3.4348
4.17276
3.16178
3.35121
2.28603
3.84746
3.23497
3.94341
4.0686
3.37678
3.80134
3.05948
3.43201
3.80973
3.70212
3.8789
3.08832
3.71892
4.45848
4.17103
4.14728
4.44471
3.62124
3.31659
3.50808
4.33325
3.11385
3.85256
3.13824
3.53071
3.41964
3.81621
2.73851
4.53751
3.92789
4.11467
2.98072
3.74137
3.74921
3.80646
3.85161
4.02042
3.1358
3.311
3.33882
3.40353
3.35103
3.83772
4.03173
3.43498
2.96393
3.65328
3.92041
2.89492
3.18713
4.26625
3.78762
3.16104
3.2874
4.40916
3.14575
3.95463
3.32774
3.2
3.73011
3.76909
3.65893
2.3524
3.12841
3.70647
3.32224
2.97964
2.98346
3.59383
4.11855
3.32199
2.78904
3.97898
4.30036
3.77668
4.24858
3.63426
3.88888
3.51427
2.52999
3.49266
3.44586
1.95599
3.49442
3.66224
3.14627
3.58836
3.3486
3.87937
3.29326
4.39055
3.7789
4.57435
3.72072
3.83881
3.18691
2.72457
2.88491
3.98085
3.68395
4.09039
4.12758
2.72086
3.80408
4.37829
3.39813
3.42002
3.5261
2.9193
2.49758
4.40018
3.35838
2.56698
2.98716
3.45502
3.08672
3.42948
3.15137
3.28625
3.96585
3.49244
3.26385
3.49261
3.85284
2.55016
3.48676
4.11283
3.81113
4.07457
3.67329
3.63398
4.11923
3.04856
3.60496
2.98989
3.82644
3.79255
3.62496
2.60568
3.89147
4.37779
3.20001
4.04733
3.63104
4.04707
2.29931
3.28951
3.43703
2.77734
3.84838
3.17498
3.95676
4.39305
4.1038
3.92231
3.94334
3.69674
4.43544
3.65576
2.90618
3.84451
3.69534
3.956
3.00587
3.14034
4.49359
2.95031
4.12399
3.61707
3.30649
3.37913
3.92914
3.78042
3.42322
3.85794
3.35603
3.80087
4.1612
3.29959
3.54629
3.69743
3.91058
2.74869
2.94447
3.9446
3.68784
2.85229
3.63959
3.50543
3.13135
3.23196
2.48713
2.88705
3.34893
3.21995
4.20476
3.69676
2.89801
4.50385
3.36765
3.31368
3.15162
3.33636
3.49471
4.21424
3.55829
3.48497
3.1717
3.84968
3.50526
3.90828
3.05735
3.11965
3.53955
3.24826
2.88493
3.04479
3.75007
2.99422
4.35245
3.36867
3.43522
3.95375
3.44163
2.84208
3.78997
3.47388
4.92729
3.35433
2.78226
4.1318
3.78318
3.88191
4.15712
4.01633
3.02716
2.48772
4.14175
3.05036
2.61095
3.09967
3.76511
3.1639
3.05756
4.59053
3.88717
4.13809
3.0539
3.91619
3.98792
3.02873
3.67336
2.70434
3.41087
3.41776
3.62697
4.1805
3.87767
3.59896
4.01548
2.62949
3.09413
4.06374
2.94342
3.85125
3.77
3.77892
4.42849
3.92957
4.21117
3.81156
3.85595
2.93393
3.03685
4.64488
3.70352
4.28449
2.75766
3.32923
3.87783
3.06538
2.56298
4.03048
4.01919
3.17638
3.28772
4.3397
3.58243
3.49283
3.20684
4.52417
3.96168
3.2101
3.58361
4.52795
4.21487
2.68567
4.58772
3.58588
3.08175
3.82921
1.62416
3.14478
3.65247
3.32282
3.50572
3.19466
2.961
3.79189
2.75058
3.59981
4.33238
3.62788
3.47575
3.08535
3.65361
3.4609
2.94439
3.30968
3.61428
2.80521
3.4594
3.63889
3.79025
2.85732
2.0972
4.04032
2.5021
3.84961
3.97172
4.39808
4.09819
3.85954
3.0601
3.71016
3.66634
3.72738
2.71699
3.74033
4.4835
3.00935
2.78255
3.57033
2.73989
4.00899
3.93866
3.30769
3.21262
3.9545
3.86691
3.73242
4.50128
3.77787
3.90198
2.94685
4.08043
4.11628
3.61054
4.48299
3.38361
2.87354
2.9802
3.95742
2.85652
4.36023
2.46848
3.39307
4.29657
3.8172
2.76981
2.76866
4.36884
3.83846
3.65029
2.87615
4.0228
4.00273
3.22039
3.18416
4.03212
3.7485
2.90487
3.79211
3.35959
3.03877
2.93167
3.73185
2.92044
4.45981
2.85184
3.29041
3.35285
3.69893
3.67501
3.64395
3.79508
3.83515
3.09336
3.44879
3.29882
3.95511
2.97239
3.58961
2.46933
3.99779
2.46553
4.01833
3.35462
3.73745
3.54519
3.49794
3.54617
3.93144
3.57473
3.88487
3.86859
2.76807
3.81703
4.03299
4.17267
3.33927
2.66712
3.68832
3.84646
3.6188
3.89239
2.9155
3.66044
3.44937
2.83856
3.61105
3.7886
4.17294
3.34423
3.95357
3.0996
3.49045
3.62284
3.23744
3.68276
3.77978
3.92198
3.59576
3.08846
3.36692
3.25167
3.36136
4.29495
2.65808
3.89134
3.49939
4.15616
3.92164
3.9403
4.10738
4.1459
2.65301
3.1222
3.93046
3.80705
3.90604
3.5744
3.55301
3.89938
3.35364
2.93424
3.48151
3.20923
3.03601
4.21398
3.69531
3.27702
3.55266
3.50737
3.74693
3.40082
3.92183
3.46984
4.39106
3.42629
3.57968
3.62646
3.37941
3.71779
2.86978
3.49753
3.79723
4.08417
4.51497
4.14859
2.78773
3.58799
3.86028
3.82628
3.04504
3.28827
3.26316
2.90648
3.02154
3.01981
2.20488
4.25596
3.77611
4.19204
3.61262
3.95591
4.246
4.39065
3.79481
2.8006
2.82517
3.47734
2.89482
2.0825
2.98337
4.03269
3.3663
4.07891
3.52727
4.68235
3.74334
3.54434
4.26514
2.93406
4.62148
3.20624
3.12845
3.59485
2.80189
3.42422
3.65681
3.74889
3.36509
3.65758
4.25471
3.36946
2.9233
3.96301
3.92135
3.11876
3.57987
4.44374
3.68291
3.24572
3.12059
3.23719
3.84034
2.78325
3.46563
3.30046
4.03358
3.02101
2.76609
4.07917
3.49248
4.13818
3.48273
4.19889
3.83323
4.21025
3.13523
3.96232
4.5014
4.07398
3.66575
3.82867
3.5278
4.01545
4.40863
3.19033
3.06878
3.71936
3.68548
3.82027
4.71343
3.23036
2.6366
3.9253
3.09922
4.46686
4.47906
3.18121
3.71716
4.6698
3.98989
2.9725
3.89769
3.70234
3.0208
3.28876
3.89846
2.84684
3.54029
3.68659
1.85986
3.6309
3.89429
4.12207
3.20444
3.86249
3.18896
3.17448
3.78436
3.01309
3.00299
3.36163
2.9426
3.21387
3.14881
3.33697
3.60064
3.91001
3.52575
3.7185
3.99806
3.69185
3.20178
4.35715
4.08353
3.35041
2.97766
2.92726
2.74045
3.08218
4.15142
4.16421
3.52598
3.512
3.38004
2.94108
4.0673
4.22536
3.24571
2.73807
3.77249
3.62728
3.03247
3.03576
2.93586
4.24579
3.05513
4.21946
3.90862
3.41415
3.32471
3.70682
2.5858
4.51541
2.38582
3.95481
2.8297
3.21572
4.07256
3.41285
3.31909
3.59679
3.51283
4.02208
3.89932
4.38056
4.004
3.25527
3.92085
3.32539
3.6593
4.19234
4.05234
3.06541
2.51322
3.36126
4.53317
2.73891
4.05708
2.66684
3.10707
2.7933
4.32963
3.84563
2.93104
3.62525
2.69578
2.28776
3.76824
2.93453
3.63615
3.43982
3.08345
3.23484
2.92186
2.53798
3.4081
3.65481
3.76041
3.88369
3.98501
3.66586
4.07849
3.76542
3.86252
4.1988
2.85694
4.07185
4.07511
3.98487
3.69198
3.41658
3.79481
4.06663
3.11773
3.59838
3.5057
4.33738
2.97736
4.21157
4.57684
4.05655
3.68731
3.38038
3.35541
3.36601
3.19028
3.14489
3.55399
3.06777
3.21294
3.77713
3.93564
4.46595
4.22809
3.27286
3.47997
2.6346
4.51875
4.17663
3.95814
3.41826
2.84806
3.72475
2.7758
3.72508
3.63642
3.59264
3.01085
3.94933
2.53687
3.25272
3.26129
4.0923
3.75017
3.33592
3.60312
3.24203
2.44008
3.974
3.25257
3.7484
3.96967
2.19935
3.43516
3.84782
4.11555
3.3311
3.68531
4.25599
4.03848
2.48672
3.96647
2.7981
3.83713
4.86961
3.55372
3.29227
3.59932
3.4022
4.31987
3.66708
4.30077
4.38004
4.29
3.75675
3.81851
2.86698
3.13433
4.19522
3.34288
2.90714
4.30068
3.69304
3.3048
3.98997
3.56698
4.04289
4.11451
3.24013
3.6446
3.94863
2.36704
4.20949
3.66122
3.97509
3.65014
3.72915
4.28804
3.82679
4.11856
3.96065
4.04039
3.74969
3.73047
3.59764
3.42554
3.83974
3.5595
3.10464
4.06949
3.92923
3.53254
3.80856
3.7594
2.83326
3.603
2.78226
4.49484
3.95591
3.0471
4.49749
4.49822
4.22765
3.87685
3.17102
2.99495
4.54525
3.04591
4.15127
4.29695
2.78182
3.56454
2.10927
3.05522
3.92008
3.09124
3.47591
2.59489
3.76432
3.26756
3.57403
3.82985
3.12005
3.41702
3.42285
4.31474
4.09286
3.7075
3.55639
4.61291
4.67963
3.28355
3.48895
4.07958
3.75491
3.13077
4.03432
3.98761
3.24206
4.03603
3.23576
3.77644
2.2056
3.7474
3.25304
3.09803
4.1445
3.81045
3.15093
4.07205
4.34185
3.45555
4.30176
3.58256
4.08358
3.05226
3.45055
2.83205
2.93472
3.9564
3.99934
3.88855
2.88767
3.555
3.51595
3.21931
3.24267
2.49064
3.99011
3.43959
3.83561
4.25825
2.79084
3.0635
3.73709
3.2478
3.02631
4.16017
4.02393
3.97857
3.60944
2.81676
3.87318
3.12167
3.43697
3.95383
2.36772
3.49208
4.21315
3.89269
3.69412
2.96176
3.9973
3.40729
4.38623
2.03701
4.41615
3.29947
3.89634
3.32024
2.81199
3.26431
3.09759
3.76452
3.63732
3.987
3.38675
2.96289
3.52686
3.94256
3.38398
3.35151
4.24374
3.98429
3.83388
3.44981
4.27638
3.72911
3.147
4.05857
4.0864
3.74158
4.38353
3.41617
3.43955
3.77281
3.02683
3.32535
3.21656
2.321
2.88852
2.8219
3.38374
3.76612
3.36208
3.17698
3.6385
3.53938
4.38615
3.64423
3.70987
3.30317
2.73528
4.17328
3.53286
3.84773
3.22246
3.08256
2.60716
3.96243
4.27298
2.89681
4.31471
3.77628
3.88709
3.4444
2.60787
4.28709
3.06848
3.55118
2.80191
3.72453
3.45229
3.90574
3.72428
3.66364
4.0688
3.45265
4.1306
3.52864
3.59337
2.75631
3.42594
3.15529
3.26091
3.78721
3.29597
3.17115
4.22033
3.12771
3.48296
3.6261
3.06232
3.93875
3.43088
4.02714
3.98363
2.78072
3.15988
3.41029
3.75446
3.68647
4.75818
3.77595
3.68463
3.09994
4.26581
4.29313
4.19763
3.86861
3.41137
3.32846
3.77404
3.66838
2.88319
2.99823
3.29254
3.65833
3.10534
3.36741
3.40503
4.73054
4.01028
3.18297
3.33891
3.44032
3.60363
3.92884
4.09559
3.51595
3.86007
3.52608
3.21918
3.54224
3.24863
4.0653
3.62543
3.93586
2.3767
3.01489
4.36911
3.66688
3.48145
4.17434
3.3323
3.00292
3.62457
3.97857
2.91847
3.57749
4.18949
3.23808
3.81981
3.83217
4.03069
4.67448
4.13767
3.61555
2.89175
3.1381
2.70577
3.23803
4.01368
3.29675
3.95655
4.02208
3.6014
3.70354
4.03565
3.39561
4.04973
2.89283
3.1141
3.57556
4.40324
4.58947
2.92096
3.63015
3.7162
3.64241
3.5461
3.34022
3.48343
3.51224
3.70066
2.92501
2.93281
3.24675
3.14717
2.63854
3.61774
2.68521
3.28443
3.6982
3.08096
3.53996
3.81192
3.05679
4.03731
3.11679
3.85895
3.32794
2.95032
3.2999
2.69913
3.42384
3.25745
4.02005
3.65798
4.32414
3.67899
3.7382
2.73972
4.2547
3.89223
3.7925
2.9936
3.65952
3.54204
4.16004
4.07011
3.84268
3.4853
3.38193
4.19065
3.711
4.11922
4.48314
3.26849
3.80548
3.50237
2.44976
3.9291
3.05074
4.43452
4.13751
2.99693
3.18688
3.85828
4.04272
2.96228
4.52707
4.52565
3.48447
3.42695
2.45947
3.80738
3.27442
3.4173
4.32753
3.30014
3.75478
3.92677
4.10026
3.03131
3.30272
3.11854
3.36985
2.98803
4.0926
3.68941
3.55955
3.55732
3.77297
3.56203
2.94031
3.69316
4.14254
3.75134
3.9314
3.86694
3.9967
4.08219
3.58042
3.3051
3.83925
3.22256
2.60433
3.68605
4.33898
3.24563
3.27361
3.12495
3.62773
3.88655
3.54533
2.93124
1.96869
3.03024
3.77542
3.1888
2.79291
3.60547
3.33975
3.31165
4.05554
3.61121
3.15131
4.3935
4.20786
3.23625
3.67075
2.99258
3.64986
3.91842
3.957
3.25647
3.64686
2.67812
3.15902
2.71035
4.2632
4.32833
3.66687
3.88127
3.98295
3.95053
3.23285
3.89891
3.98074
2.33297
3.57931
4.13486
4.18182
4.22686
3.25302
3.18826
3.04279
3.23033
3.78891
3.21893
3.74912
3.94592
3.95224
3.03529
3.59683
3.09968
2.89904
3.60429
4.45741
3.77297
2.54884
2.65522
3.43702
3.77719
4.09698
4.15
3.78244
3.87933
3.36655
4.1086
3.37462
4.47129
3.4468
3.23712
3.43322
2.17237
4.08082
4.22456
4.09511
2.6223
2.70719
3.86425
3.7623
3.07077
4.40276
3.8262
4.18978
2.97649
4.51334
3.85255
3.77414
3.33308
3.38217
3.69021
3.55323
2.95577
3.7642
3.46462
3.53461
3.28831
3.46072
3.29701
4.16583
3.85151
3.2794
3.74369
3.53116
4.01953
2.97267
3.09326
2.71215
3.70965
2.71526
3.69522
3.453
3.61378
3.86884
3.97391
4.09658
4.16768
3.88306
3.44796
2.29117
3.83042
2.73521
3.45464
3.80706
4.13768
3.90767
3.2631
4.25921
3.30553
3.185
3.63498
2.84563
3.61421
3.45278
3.77695
3.05272
3.91875
2.27831
2.78874
3.9956
3.94651
3.93376
3.39669
3.2435
3.71085
3.70157
3.82799
3.05921
4.02024
3.75916
3.9998
3.91017
3.46336
3.8027
2.77879
3.18518
3.12806
3.59949
3.61838
3.34994
3.78983
4.01792
3.24419
4.01974
3.5285
2.20459
3.06806
3.36014
3.94241
2.88363
4.53893
3.57139
3.46072
3.62267
2.97376
3.60457
3.658
3.1213
3.88482
2.43907
3.33045
4.17126
4.1718
3.84826
3.20771
4.02482
3.56435
3.52673
3.92724
4.22648
3.70427
3.17094
3.64438
2.9544
4.34947
3.13453
3.24374
4.13723
3.3008
3.91402
2.80133
4.17746
3.6356
4.20561
3.7542
3.90033
3.65042
3.87216
3.43169
3.36172
3.13998
3.23412
3.34652
4.15034
3.23247
3.71481
4.19644
3.04814
3.38272
3.85193
4.04176
3.72371
3.42948
3.91436
3.70756
3.53547
3.70256
2.94227
3.3135
3.37543
4.34908
2.98732
4.58617
4.07661
3.33603
4.12484
3.46482
3.49489
3.0134
4.32221
3.24894
3.39
3.54057
4.21301
3.56053
4.20496
4.1786
3.33026
3.05962
3.38288
2.67942
3.68864
2.76212
4.07601
3.26139
3.61733
3.74281
3.03949
2.85143
4.05988
3.61917
4.19583
2.90724
3.94362
3.3954
3.39536
2.82437
3.84968
3.05152
3.61328
3.57369
3.27264
4.11621
3.98603
3.47404
3.98731
3.77345
3.13504
3.21672
3.51374
4.04846
4.22465
3.77898
3.33638
2.62065
3.84451
2.81823
3.58343
2.51228
4.04225
3.50566
3.04633
3.17374
4.073
3.62238
4.07077
3.84248
3.82324
3.21241
2.69844
4.11803
3.44878
4.21777
3.97632
2.52088
3.92743
3.62608
3.55165
3.60728
3.21887
3.70352
3.51683
3.12479
4.15899
3.99808
3.1595
3.25583
3.92744
3.35071
4.33336
3.75484
3.58432
3.18335
3.85214
3.48159
3.20951
3.6244
3.06634
3.63717
4.01876
3.80816
4.02366
3.98433
3.80187
3.72339
3.3804
3.83706
3.50356
2.91752
3.87966
3.71075
3.78688
2.68314
3.58972
2.88464
3.59116
2.86435
4.2082
2.60301
3.93675
4.52125
3.24297
4.56557
3.2512
4.54331
3.4734
2.73267
3.6631
2.68724
3.10203
3.61998
3.13101
3.31946
4.16519
3.17633
3.41874
4.53854
3.41802
3.96589
4.07396
3.21029
3.88892
3.7287
3.63887
2.97529
3.85887
4.00457
3.30649
2.952
3.51502
3.6474
2.89701
3.66727
3.4138
3.62824
3.85311
2.97258
3.77367
4.1994
2.8002
3.90771
3.96241
3.83159
4.25838
3.57132
3.54558
4.22303
2.83146
3.14465
3.42651
3.10937
3.66271
3.56926
4.05882
4.04296
3.87852
4.25866
4.34853
3.55988
3.61813
4.32575
3.41061
3.38203
2.94207
3.49936
3.46411
3.1723
4.23718
1.97107
2.86331
2.93787
4.24037
3.48939
3.12019
3.17463
4.00903
3.77092
4.29632
3.21404
3.61641
2.72883
2.51362
3.19564
3.45095
3.32974
3.36014
3.0002
3.50497
3.70383
3.68155
3.64902
3.79285
2.65793
3.62907
3.47276
3.01155
4.04405
2.99514
3.70728
3.67311
4.15168
4.2579
3.64158
3.20584
2.9942
3.27821
4.14389
3.90939
3.76122
3.4629
3.01381
3.32525
3.63458
3.24386
3.11789
2.7257
3.52068
3.58244
3.9138
2.84036
3.43341
4.00251
3.41379
3.79723
4.17246
3.55662
3.1637
3.17613
4.08953
3.41073
3.7919
3.54393
3.71403
3.55725
3.40475
3.53848
3.59054
4.67563
3.04468
3.13557
3.387
3.34482
3.59026
3.30721
3.87834
3.3888
2.61864
3.76968
3.25153
3.45356
3.86431
3.05727
3.42143
3.11549
3.15373
2.97364
3.38788
3.32947
4.14297
3.85289
3.93364
3.01166
3.93894
3.15669
4.07435
3.36846
3.83005
2.85606
3.49736
3.06466
4.05201
3.54613
3.79409
3.2585
2.93867
3.70561
4.02053
3.66471
3.74062
3.54954
3.25025
3.12002
4.20137
3.13708
2.69624
3.73278
3.67259
2.83789
3.65433
3.45939
3.21863
3.13181
3.68205
3.06974
2.57842
3.75501
3.52442
3.55581
3.48348
3.42759
3.79917
3.23889
2.4103
3.78493
4.04628
3.78067
3.42725
4.20226
3.6174
2.97294
4.36468
4.32357
3.84705
2.54036
3.68396
4.14255
4.63606
4.14405
3.17032
3.61996
3.58902
2.33623
3.49064
3.26734
3.22534
2.76176
1.92654
3.18506
3.15759
3.9844
3.92681
3.68347
4.48003
4.38248
3.60139
3.60006
3.40812
3.41614
3.12944
2.59583
3.40754
4.34116
4.5743
3.68672
2.84918
4.42134
4.36131
2.93302
2.93962
3.52033
2.53944
3.8926
3.49217
2.96847
3.66568
3.65074
3.17902
3.69798
3.25333
3.42643
3.5858
3.41285
3.52397
3.56654
3.53903
4.24509
3.58756
4.02298
3.48105
3.83225
4.03873
3.89115
4.19042
3.10126
2.96282
4.14068
3.59963
3.49161
3.92544
3.50247
3.55156
4.13898
3.52611
4.56639
3.54193
2.98348
3.40048
3.58761
2.68404
3.68225
4.03653
2.74956
3.31203
3.84505
3.64071
2.95147
3.61828
3.91267
4.15301
2.95782
3.31596
3.19234
3.31507
3.98331
3.71224
4.16305
3.9225
4.50065
3.63341
3.85053
4.14583
4.0932
2.8022
4.0021
3.28582
3.9575
3.27923
2.3837
3.35097
3.46366
3.44501
3.71107
2.88414
3.73343
3.03753
3.25594
2.84434
3.71389
3.3849
3.95579
3.43259
2.648
3.94932
3.53941
3.46152
3.42844
3.64776
2.72464
4.15358
4.14206
2.93292
2.79437
3.90838
2.88178
3.89978
3.72085
3.32019
3.081
3.32592
4.0248
3.59271
3.87748
4.68301
3.70322
3.22857
3.82233
4.06335
3.37783
3.42805
3.61486
4.16039
3.60532
2.77568
3.35179
3.59083
3.08766
2.46793
3.77076
4.56813
2.5964
2.566
2.92427
3.31472
2.67007
3.48115
3.29857
4.10576
4.05499
3.67299
3.84831
2.61292
3.78803
3.52075
3.20174
3.76859
3.2469
2.59721
3.93411
3.68867
3.13912
3.81164
4.00691
4.09611
3.52015
4.2063
3.1224
3.83998
3.99529
2.69726
3.3774
3.5821
3.80513
3.54338
4.05717
2.79981
4.06226
4.40207
3.44652
3.26628
3.23393
4.12508
4.01682
3.90257
4.6197
3.64915
3.4865
3.80035
3.11071
3.79501
4.13701
2.65526
3.47867
3.54815
4.18325
3.80226
3.72403
3.0454
3.26309
1.37406
3.45731
3.38067
3.35636
3.4184
4.27431
3.11494
4.28791
3.86543
3.51469
2.7029
3.02929
3.80627
4.34468
3.7855
1.49543
3.36187
4.23372
3.73946
4.10929
3.67962
2.56489
3.36639
3.71417
2.98465
3.56002
3.99615
2.93768
2.92008
3.61076
3.53863
3.88344
3.12232
3.77844
3.79892
2.73236
2.18335
4.08941
2.90234
3.00666
4.50071
3.67111
2.91153
4.16524
3.85238
3.42832
4.32017
4.46068
3.88813
3.2855
3.9969
4.51999
2.48812
3.90609
3.8585
3.65611
3.77182
3.32086
3.47144
3.97067
3.02134
3.47114
3.08247
3.68253
3.05558
4.05997
3.45391
3.66403
3.52359
4.66299
3.29692
3.90233
3.8202
3.40413
4.46603
3.62755
3.1192
3.08916
3.81494
2.68658
2.60654
2.866
3.47224
3.28379
3.54435
2.77492
3.06181
3.36099
3.9592
2.91875
3.29257
3.4264
2.94898
2.61256
3.7393
3.78514
4.18918
3.37148
3.69607
3.32094
4.28057
3.88182
3.95954
3.87087
2.64135
3.44594
3.87306
4.19329
3.96704
3.19718
3.13561
3.50672
2.89061
4.12846
3.39353
4.14263
2.91173
3.82163
3.09539
3.83446
4.39323
4.00603
3.47368
3.76639
3.51555
3.01499
3.85155
3.62421
3.33195
3.31727
4.16274
4.12005
4.44313
3.11053
3.06335
3.79529
3.67345
3.92801
1.93315
2.93729
3.74779
3.02172
4.18244
3.0445
3.87322
3.00407
3.49028
4.49055
3.036
2.76331
4.02982
3.61485
2.82045
3.54493
3.63894
3.95143
2.92268
1.44237
4.00976
3.63312
3.88959
3.80556
3.54536
3.28957
3.76294
3.47508
3.46355
3.82185
3.89166
3.46996
3.45953
3.84295
3.48577
3.00962
2.75372
2.34187
3.70755
3.8307
3.42736
4.29508
4.05047
3.44913
4.11114
4.37977
4.00509
3.92705
2.00399
3.1444
4.70931
4.79199
3.63881
3.64722
3.2594
3.32926
4.1859
3.80666
2.85972
3.29639
3.50299
2.79916
4.29117
3.16552
3.37136
3.16951
3.39951
3.28269
3.76072
2.54184
3.5721
2.61925
3.44132
3.70157
3.3071
3.34425
3.52546
2.73156
3.43456
4.01592
3.81459
3.92022
3.57591
3.7551
4.64464
3.11665
3.46153
3.73669
3.37457
3.50372
3.15139
2.99302
4.21375
3.61874
3.9542
3.12406
3.77989
3.7595
3.5677
2.22996
3.05185
3.50605
3.62442
3.91529
4.08394
3.80267
3.38341
4.06499
3.38719
4.01597
2.81845
2.79282
2.47795
3.10537
3.57803
3.85508
2.61734
3.33998
2.71633
3.55181
3.26493
4.02352
3.13433
3.05111
3.39783
3.63578
3.17291
3.0241
2.39944
3.84548
3.86138
3.95254
4.37658
3.68206
4.03134
4.10966
3.61146
2.75239
3.21598
3.19418
4.20396
3.34865
3.23442
2.96289
3.31096
3.32585
3.40488
3.71981
3.05353
3.10463
3.98792
3.09843
3.16452
3.25734
3.87075
3.29537
3.28522
3.60636
3.62201
3.581
3.5619
3.46618
4.10162
3.91124
4.9471
3.09797
2.27351
4.1691
3.93976
3.22911
2.84562
3.41492
4.09216
3.32752
3.27603
3.45342
4.00785
3.47842
3.76122
3.12767
3.81591
3.40146
3.80765
3.28039
3.46254
4.04616
3.70802
3.33136
3.40373
3.6057
3.84103
3.72948
3.65774
2.85203
4.53663
4.06891
2.67385
3.45597
3.15762
4.13987
3.70673
3.49107
3.0908
3.56193
4.29613
3.62334
3.52054
4.38614
3.96751
3.34408
3.3743
3.67125
3.9346
3.40254
3.45703
2.98539
4.20568
3.78215
3.43905
3.74077
4.20149
3.03604
4.14065
3.73313
2.99497
3.5174
2.02899
2.86815
3.86009
3.78228
2.8081
3.48405
4.45755
3.15393
3.67026
4.7715
3.90085
3.92802
4.43145
3.22936
3.1899
3.8556
3.68102
3.62666
2.97504
4.04432
3.46565
3.692
4.46119
2.70107
4.26847
4.35073
3.8317
3.02668
4.86581
3.65352
4.11785
4.1686
4.6666
3.29639
3.87959
4.39451
3.27929
2.44079
3.52851
3.45252
4.2375
3.34977
3.0638
3.33256
2.8384
3.83901
3.82468
3.41112
3.66481
4.00708
3.74235
3.35123
3.36929
3.14826
3.11358
2.90075
3.93857
3.4082
3.87477
3.45362
3.3043
3.21574
3.47997
3.82583
4.43212
2.85654
3.97485
3.22985
3.42862
3.12028
4.33636
2.3582
3.28159
4.46017
2.69362
2.92862
3.30187
3.98951
3.78344
4.09857
3.08492
2.65383
4.06282
2.2657
3.24298
3.71673
3.66819
2.84804
3.76149
3.67783
3.15213
3.94182
3.61085
3.58607
3.48925
4.12918
2.46342
3.11857
3.11046
3.73785
3.8026
3.34901
3.36421
3.16664
3.17758
3.77537
3.57894
2.70795
3.22782
2.87927
3.56332
4.141
3.54365
3.18616
3.34206
3.76566
2.76563
3.35121
3.81103
3.8816
2.25017
3.25607
3.51951
3.97395
4.11007
4.07083
2.40377
4.1755
4.25718
3.7405
3.49301
2.74575
3.79924
3.60167
2.5244
3.89836
3.58125
2.93499
4.18435
3.19255
3.44056
2.48127
4.00811
3.61324
3.68007
3.15872
4.30551
3.12867
3.45595
3.25275
2.79288
3.3319
3.78957
4.02965
4.1372
2.71679
3.1218
4.07128
3.7649
3.00919
3.60877
3.61362
3.33755
3.3199
3.47539
3.64257
2.90011
4.3311
4.17246
3.58589
4.05162
3.38963
4.02336
3.61098
3.68266
3.68427
2.87817
3.56545
3.69358
3.38023
3.05612
3.10154
4.43776
3.54434
3.08162
4.29289
3.8461
3.65053
3.62744
3.21204
3.53689
3.60694
3.52151
4.4473
3.86585
3.52125
4.0101
3.71522
3.80773
4.017
3.62877
3.44247
3.90746
3.85981
3.05343
2.3081
2.95121
3.81563
3.64695
3.99514
4.4382
3.67063
2.80555
2.99514
2.61456
3.04803
2.46455
3.51778
2.90476
4.0264
3.58868
2.89585
3.23558
3.38826
3.32222
2.8498
3.79324
3.14441
4.3384
3.15782
3.26645
3.13455
3.67103
3.91113
4.31848
3.93169
4.28543
3.85161
4.19701
3.27826
3.11186
3.36067
3.90484
3.7496
3.45906
2.87902
3.78988
3.80785
3.65607
4.12018
2.34802
3.66288
3.42775
2.8897
3.89814
3.47196
3.81257
4.278
3.20458
3.72512
3.39052
2.59139
3.86891
2.50165
3.57505
3.04811
3.61863
2.66461
3.87889
4.12051
4.79162
3.77763
1.49829
3.60735
3.52154
2.5975
4.52046
3.32275
3.28477
3.51374
3.63761
3.73108
3.87878
3.82943
3.60717
3.82235
3.79332
4.93129
3.65301
4.05642
4.27592
3.40409
3.09437
2.7259
3.76986
4.17096
3.80589
3.81927
3.25109
3.5085
2.52507
4.16169
3.42923
4.08227
3.98519
4.22796
3.42542
4.06483
3.62055
2.36006
4.24088
3.60003
4.14289
2.77421
4.16388
3.28486
3.49255
4.1599
3.34991
2.94786
4.572
3.91447
3.7277
3.44063
4.07205
4.13056
3.85146
3.40632
4.12225
2.58791
3.52557
3.63844
3.44513
3.91918
3.03033
4.164
3.53749
3.33937
3.95342
2.30879
3.37989
1.76901
3.62765
3.25685
3.1201
3.67422
3.51047
2.92671
3.89512
3.77872
3.15232
4.05489
3.42535
4.5699
3.55328
3.60265
3.92081
4.19425
4.11651
3.29868
3.3098
3.73576
3.58078
3.61687
3.48661
3.33743
3.02021
3.84618
3.73112
3.24743
3.21974
3.13319
3.9741
2.98226
2.81959
4.07809
3.68895
3.84745
4.06833
4.39055
3.9492
3.84948
3.47389
3.41261
3.03134
3.43567
3.08773
3.22358
4.32988
3.41711
3.52575
4.43495
3.0006
2.33501
2.45511
3.01516
3.15458
3.8272
3.42344
2.7853
3.04891
3.72945
4.21575
2.67217
3.22215
2.2969
3.70075
4.43234
3.54688
2.98798
4.02931
3.0435
1.93851
4.44506
3.09688
1.95682
4.03191
2.88698
3.03906
3.87067
3.902
3.93381
3.8495
2.93288
3.36006
3.13334
1.65437
3.69088
3.69642
3.45512
3.77787
3.62426
3.39875
4.00306
2.69629
3.32864
3.06423
4.04504
3.1818
3.01972
4.0117
4.11387
3.90373
3.80961
2.78189
4.45058
3.86193
3.17027
3.08941
3.40912
3.97555
4.26544
3.98381
2.94437
2.99875
4.21767
3.11559
3.87101
3.31832
4.20074
3.71417
3.48023
4.14115
3.06696
3.33893
3.98734
3.22032
4.29609
3.57557
3.99373
3.64037
3.83921
3.40525
3.79586
3.3084
3.01956
4.5872
4.11541
3.32008
3.64416
3.55524
2.92366
3.5435
4.28065
4.09656
3.89977
4.02976
3.61267
2.84793
3.21083
3.39753
3.60414
2.95812
3.41524
3.17528
3.34286
3.02242
2.89051
3.90064
3.88656
3.56609
3.33108
2.86039
3.26443
3.35065
3.0679
4.04984
3.23804
3.21815
3.93578
3.20024
4.6499
3.89855
3.59949
3.21687
4.14427
3.69354
3.15122
3.59324
3.23147
4.6543
3.64367
3.75803
4.75224
3.35499
3.23564
4.26904
3.34007
3.37742
3.6274
3.52941
3.22836
3.90482
3.59065
3.49329
4.17637
4.05595
4.04808
2.87883
4.14469
3.12441
3.12335
3.15624
4.04177
3.53778
2.77512
4.64912
4.00868
3.59326
3.9387
3.09303
3.93386
3.35651
3.54949
2.47719
3.03304
3.3421
3.42405
3.38455
3.36887
3.82243
3.9166
3.23244
3.93044
2.76791
3.11382
3.65995
4.55128
3.52806
2.85472
4.45166
4.45552
2.77087
3.17975
3.76326
3.02143
3.61421
4.25551
3.12858
4.1394
3.22706
2.85189
3.79416
3.46886
4.08231
3.18469
3.08285
3.18717
3.32649
3.22907
2.54131
3.59475
3.3133
3.20958
3.38609
4.36241
2.17982
3.97028
3.28003
3.57414
4.46068
3.85965
3.74229
4.38613
3.63257
3.38032
3.02156
3.72903
3.49696
3.12125
3.16835
2.766
3.39943
3.81274
4.05025
3.47859
4.44627
3.4685
3.38813
4.58632
3.26146
3.07808
3.03553
4.06797
4.9469
3.91545
3.37819
3.80722
3.88556
3.98056
3.22602
3.78005
4.2446
2.53516
3.01985
3.41247
3.27128
3.22191
3.01556
3.48948
4.07511
3.5645
3.45215
4.34475
3.64773
3.71766
3.71861
2.9661
3.75554
3.07837
3.64113
2.86414
3.99303
4.288
3.47128
3.76087
2.96193
4.46074
2.89457
3.22845
3.06881
2.33105
3.60648
3.18082
4.40402
3.56037
3.55442
3.61666
3.45015
4.21509
3.52166
3.1395
3.06008
4.4381
3.80892
4.22722
2.20917
3.46804
3.39305
2.7756
4.57136
3.53322
3.66102
3.23167
2.64473
3.36318
3.43004
3.34065
3.80875
3.5835
2.87976
4.22288
4.25427
3.26468
3.26062
3.74423
3.53676
3.93529
3.76891
4.08913
3.37481
3.6164
3.1771
3.63372
3.66743
3.69715
2.74629
2.67695
2.91956
3.91904
4.01276
3.39897
3.57945
3.9501
3.23495
3.45304
3.22465
3.2168
3.44665
3.73208
2.84158
3.07227
3.45727
4.01617
3.42798
3.52914
4.42885
3.31459
3.14538
4.26483
2.89323
3.3456
3.78654
3.70659
3.23011
3.34523
4.29514
3.79018
3.48275
3.29058
2.90064
3.19135
3.40602
3.59767
4.43971
2.88245
3.3094
3.67319
3.14448
3.37881
3.16656
3.83872
3.94434
3.91986
3.15744
3.18553
3.74947
4.19671
3.19957
2.9808
2.78936
4.46266
3.98555
4.22738
3.90664
3.78289
2.25895
4.14657
3.45372
3.31539
3.0275
2.91523
3.89368
3.09633
3.57946
3.06822
3.28323
2.52736
2.98573
3.401
2.91831
3.70252
3.22156
3.17829
4.05088
4.15504
3.69946
3.12497
3.50062
4.25089
4.3757
3.43605
3.61499
3.97204
3.31943
3.52708
3.18138
3.14805
2.03344
4.34418
3.48745
3.33504
3.19773
3.02528
3.59872
3.7472
3.54044
3.47069
3.49398
2.84753
3.21431
3.90122
2.72889
3.82404
4.24668
2.71154
4.29315
2.93516
4.50269
3.14144
2.96619
2.67139
3.75148
3.39379
3.7777
3.02545
3.25904
4.07754
3.59422
2.4362
2.92623
2.39902
2.46418
3.35597
3.08653
3.00876
2.98739
3.76164
3.42524
4.2897
4.48692
2.8831
3.98543
3.56357
3.52259
2.96608
4.2823
4.00629
3.53128
3.15469
4.22248
3.49767
3.76138
3.96653
4.17524
3.77557
3.96656
2.81511
3.71085
2.49053
3.84557
3.80831
3.32248
3.75882
3.42925
3.62017
4.21248
3.5469
3.57838
3.91734
3.64912
3.77016
3.18349
2.92126
3.67083
4.44002
3.39565
4.00291
4.08302
3.40717
3.04988
3.55559
3.98148
3.8441
3.09913
3.89593
3.6397
2.91146
3.83063
2.46225
3.4757
2.17574
4.43406
3.95449
3.71298
3.17897
3.96585
3.30253
4.92932
2.81116
3.71394
4.00151
3.64482
3.66856
3.035
3.90287
3.99965
3.13177
4.00434
4.15412
3.28038
3.69766
3.89116
2.87761
3.41046
4.05133
4.10022
3.09345
3.37753
3.18384
2.90471
2.07284
3.4394
3.06913
3.29169
2.99686
3.64998
3.54698
3.71395
2.1768
3.5674
3.20508
3.61479
3.64414
3.50474
3.56934
3.67502
3.43019
3.00507
4.03356
3.13924
3.84437
3.70857
3.50163
3.80012
3.39813
3.58636
4.15708
3.99875
3.86364
3.2593
3.36575
2.95942
3.64143
3.23421
2.72044
3.3948
3.35688
2.82612
4.0617
3.55067
3.96114
3.15663
3.94103
3.95428
4.24906
2.68463
3.16588
4.08845
3.61639
2.81929
4.1548
3.3522
2.37137
3.81289
3.4114
3.64907
3.66068
3.0404
4.12473
3.14273
3.42331
3.45033
3.6205
3.75752
4.05981
3.13609
3.06194
3.0379
4.18841
3.37013
3.86224
3.27574
2.97559
3.408
3.02774
3.37132
3.94705
3.91811
2.81308
3.24359
3.90844
2.43343
3.09402
3.84123
2.68109
2.75639
3.35507
3.22279
4.64217
3.14827
3.66707
3.52332
3.82944
3.67681
3.54435
3.30983
3.82767
2.82702
3.8882
3.33336
4.19279
3.17093
3.63139
3.72634
3.839
3.0987
3.91257
2.99368
3.74985
4.17002
3.94701
3.53633
3.63853
3.64631
2.40818
3.38512
3.54824
2.94932
4.39371
3.33022
3.22452
3.08353
3.26825
3.59289
3.15085
4.36766
2.97168
2.81906
4.51119
3.91679
3.03569
3.59468
3.64639
3.76082
2.8614
4.15883
3.83867
3.87212
3.82234
4.17476
2.08122
4.20753
3.33794
3.72819
3.12137
4.02675
3.70246
2.67316
4.2262
2.49932
3.44401
3.42578
2.81534
3.17685
4.27365
3.72603
2.5431
3.56727
3.82147
3.39938
3.20247
3.79967
3.62379
3.24544
3.9288
4.46882
3.76705
2.84449
3.38189
4.00972
3.26795
3.06448
3.16136
3.29994
2.22366
4.39978
4.79427
4.11346
2.86751
3.55685
3.66431
3.45674
3.40337
4.22844
2.93391
3.2659
3.66153
3.30261
3.98868
4.0328
3.06344
3.6216
3.60892
3.19886
3.17604
3.26728
4.50292
3.5317
4.41665
3.81154
4.18631
3.73132
3.80004
3.76057
2.86028
3.4759
4.35654
3.35175
3.30784
3.73027
4.30052
3.17541
3.23403
3.3663
2.38833
3.78476
3.84639
4.40583
3.49061
3.54012
2.59337
3.96585
3.46999
3.63465
3.7267
2.92579
3.91544
3.77502
3.58583
4.00637
2.88638
3.45569
3.5793
3.74461
3.51323
3.62178
4.35478
3.96114
3.97102
4.35149
3.48888
2.11749
3.27978
3.24862
3.40343
3.94915
3.36695
3.80563
3.69085
3.69967
3.53473
3.66965
3.78744
3.08721
4.05938
2.74615
4.29687
2.43447
3.70521
2.03513
3.6149
3.94652
3.63516
2.98733
3.38089
3.96818
3.42041
3.8115
4.24258
3.75958
3.56139
4.23072
3.89392
4.28079
3.23129
3.88576
4.31043
3.37928
2.47765
4.57055
4.60049
3.77931
2.96828
3.37307
3.15825
3.92323
3.02909
4.17322
3.24987
3.69893
3.85224
3.51137
3.89939
3.93302
2.79782
3.54506
3.71612
3.75913
2.83585
2.95381
3.75195
4.31687
3.64766
3.16781
3.5184
3.48162
4.11853
3.69669
3.45805
3.21652
2.63365
3.46638
3.49881
4.44374
2.57379
2.85306
3.82089
3.67056
4.08338
3.67068
4.23368
3.34094
4.43646
3.51403
3.64193
3.54808
3.9073
3.32144
2.45669
2.89979
3.53258
2.73938
3.49446
2.71229
3.50126
3.31042
4.65782
3.71625
3.21996
4.2
3.09107
3.68691
4.59914
3.72066
3.89365
3.12412
4.06686
3.64594
3.49104
3.7063
3.77957
3.9245
3.16853
3.63438
3.71598
3.9526
2.8993
3.07154
4.3321
3.53476
3.68026
3.64438
4.27625
3.29225
4.27838
3.07969
3.14017
4.3177
2.89066
3.05516
3.25555
2.32497
3.32033
3.3188
3.79635
4.01136
3.14053
3.37385
4.01974
3.40461
4.02064
3.77598
4.59216
4.25902
2.87509
3.75235
4.01107
3.01431
3.92761
4.37513
2.85701
4.31891
3.55278
3.21288
3.33007
3.77939
4.51463
4.32525
2.76428
4.57261
2.76722
4.70123
3.45221
3.56758
3.89623
3.07186
3.17934
3.42749
2.53888
4.38696
3.13631
3.17322
3.69697
4.20898
3.63395
2.8767
2.62935
2.74305
4.41505
3.76566
3.35258
3.49992
3.71442
3.41236
3.17943
3.8226
3.05951
3.81738
3.99208
3.57176
3.85419
3.86697
2.90399
4.33168
4.27053
3.85443
3.61199
4.57092
3.72916
3.63014
3.91929
3.74615
4.13056
3.08228
3.68019
4.09877
3.4361
3.09098
3.51255
4.27405
3.59749
3.42951
3.67035
3.35187
3.6038
3.18356
3.68871
4.40996
3.42493
4.14136
3.56371
3.16412
4.55726
2.77387
4.13144
3.4638
3.78641
3.72605
3.63099
4.26349
3.44661
3.78613
4.44869
3.72222
3.07084
2.81058
3.13601
3.62604
3.81159
3.81205
3.90486
3.3422
3.51305
3.3002
3.63246
3.39857
3.62075
3.62458
3.46509
2.54358
3.35563
4.49267
2.9363
3.59095
3.07292
3.28071
2.84456
3.46833
3.18059
3.97355
3.63504
3.5817
4.22794
3.69969
3.95166
3.39225
3.71711
3.08608
3.58876
2.7936
4.08904
1.98763
2.97303
3.44448
4.48459
3.48982
4.41915
2.39052
3.57892
3.15517
3.64989
3.81326
3.90923
2.90473
3.52994
3.84306
3.824
3.15961
2.73484
3.93144
3.1403
2.67927
3.66448
3.27941
3.69407
4.55461
3.13654
3.58168
3.71328
3.63561
3.66586
3.18252
3.78003
3.88006
3.77073
4.1792
2.76566
3.77673
4.2907
3.40976
3.55106
3.54533
4.04912
3.69629
4.43582
4.15027
3.93453
3.02626
3.44967
1.89266
3.11097
4.16655
4.0598
3.89911
4.69127
3.36362
2.06102
3.69015
3.49429
4.0342
3.82077
3.80027
2.9795
3.41535
3.72608
3.6522
4.05398
4.08672
3.84168
3.68386
2.83878
3.61463
3.65923
3.28051
3.50755
3.91039
3.35912
3.69049
3.2956
4.12671
3.90474
4.07355
3.00683
3.14038
4.60961
4.28073
3.58227
1.66286
3.07265
4.2692
4.29086
4.23108
3.55336
4.08682
3.74551
3.16867
3.1591
3.58118
3.9249
3.78506
3.04765
3.20286
3.76437
4.0804
3.52231
2.84587
3.36386
3.46127
3.68356
2.58271
3.57114
3.86668
3.57317
3.48528
3.89944
3.42934
2.58903
4.1953
3.0912
3.61232
3.3648
2.54513
3.20573
4.20764
2.7801
2.82225
2.70575
3.39564
3.46908
3.58554
3.10223
3.02468
4.15186
4.03384
2.63155
4.07292
2.90127
3.97399
3.19658
3.26561
3.61615
3.62483
3.27658
3.72817
3.24963
4.14542
3.44271
3.27502
3.73415
3.53505
4.54603
3.47166
4.19223
4.11202
4.10226
4.27993
4.14279
4.28433
4.11315
4.09
3.7506
4.14977
3.87142
3.6726
3.81942
4.17925
3.94498
3.56714
3.30078
2.8667
3.14728
4.02894
3.17279
3.10623
3.85986
3.46651
3.03653
2.26075
3.37187
3.61387
4.15114
3.46434
3.55223
3.29588
3.34724
3.3128
2.6427
4.41514
3.58094
4.4546
4.41212
3.92213
3.27277
3.31572
3.51827
4.25987
3.95158
4.42594
2.9692
3.65266
3.86647
3.9263
4.20866
3.81118
3.762
3.58053
3.09002
3.76651
2.36022
3.04181
2.44006
3.60206
3.49164
4.29629
4.42803
3.83312
3.08692
3.51009
3.35216
3.27974
2.99005
3.53291
3.99965
4.13656
3.6043
4.59346
3.22706
3.22612
3.18957
3.76378
3.63233
3.76608
3.81489
3.50347
3.31587
2.89453
3.5069
4.21254
3.21603
2.75529
3.22546
4.16971
3.72634
3.97316
3.83258
4.16711
4.32629
2.41276
3.59184
3.99791
3.97821
3.96494
3.27563
3.59132
3.70483
3.70891
3.07513
4.10706
3.4052
4.48497
3.52849
3.09458
2.9349
3.98967
3.47309
4.12161
3.8432
2.83283
3.82929
3.09347
3.22631
3.18608
3.55256
3.95052
4.34337
4.01319
3.60839
3.96118
2.71592
3.21724
3.2242
3.56228
3.08329
3.01508
3.44877
3.54861
4.3885
3.30968
3.91385
2.81187
3.59409
3.38333
2.84642
3.96003
3.22542
2.74443
3.54765
3.93877
3.71491
3.88572
2.88731
3.18463
4.21576
2.72726
4.10801
3.33125
2.26593
3.29038
3.90499
4.14296
2.95275
3.86524
3.51826
3.12199
3.79049
4.28314
3.3401
3.52093
2.93238
4.41135
3.79556
3.99285
4.47971
3.39315
4.23098
4.11908
3.7874
3.80748
3.29683
3.95931
2.63347
3.65582
3.24262
3.80777
4.20109
3.72783
4.05374
3.67597
4.67885
3.74643
3.21943
3.02838
4.44154
3.60557
2.91046
4.49946
2.95701
3.85177
3.19994
3.17636
3.78608
3.8558
3.73626
2.98355
3.92306
3.36874
3.58275
2.95879
4.10647
3.63841
2.89527
3.18246
4.18876
3.10298
4.95728
3.72356
2.88846
3.87896
3.86386
3.76061
3.40822
3.56985
3.45623
3.89416
3.67338
4.3229
2.55793
3.74069
3.43766
3.2381
3.65331
2.62907
2.94772
3.07166
3.20395
3.18031
4.00254
3.63135
4.3585
3.71928
3.3952
3.33358
3.39193
3.58604
2.25067
2.48253
3.8866
3.68038
3.13862
3.72515
3.67533
3.71836
3.89661
3.42873
3.79677
3.63376
4.31471
3.89327
3.08975
2.79541
3.71279
4.00118
2.91324
3.37434
4.47609
3.72118
3.55921
4.37174
2.48782
3.11679
3.33651
2.87063
3.60817
3.36963
3.90885
2.03213
2.83974
3.75627
3.55307
2.80211
3.802
2.60251
3.83338
3.46137
3.33851
4.46957
3.33761
3.52087
3.17515
2.98797
3.74533
3.42949
3.96207
3.67973
3.26876
3.49904
3.18208
3.68814
4.01983
4.44088
3.72432
2.81848
3.86495
3.734
4.12436
2.84978
4.56443
3.79862
3.78844
3.47053
3.45129
3.51525
3.75361
3.73814
3.25734
3.86596
3.90565
2.87496
4.09258
4.04946
3.27542
3.26898
3.77141
2.66551
3.50638
3.175
3.27491
4.32617
4.09519
3.32677
3.14036
3.01827
3.16169
3.34215
3.24684
2.45676
4.34499
4.2465
3.35378
3.50207
3.52373
3.31798
3.08152
1.79675
3.66562
3.43421
3.95582
4.03932
3.51943
3.41078
3.63499
2.41477
2.84063
3.42722
3.39893
3.04869
3.52859
4.33993
3.73527
3.28337
3.26616
4.71774
4.49414
3.41417
3.36497
2.3348
2.56824
3.49996
4.06366
2.94032
4.16707
3.43533
2.41241
2.95784
3.65952
4.42457
3.57471
4.20095
4.3496
3.61627
3.36878
3.83795
4.00002
2.90904
3.57469
4.09097
3.41875
3.66263
3.81974
3.79797
3.04044
3.48805
4.12287
3.98293
4.16267
3.74495
2.94262
4.38478
2.95075
2.45163
3.26021
3.12987
3.48287
3.98144
3.39888
4.04532
3.49968
2.76116
3.51636
3.9422
3.72487
3.01395
3.67982
3.77856
3.20055
2.98322
3.67111
2.99743
3.785
3.66258
2.98953
4.68353
3.00362
3.35643
3.59203
3.57691
3.37164
4.02738
3.62765
3.05269
3.98143
3.50661
3.08087
4.67434
3.60495
4.07309
2.6128
3.29582
3.41565
3.52973
3.23665
3.69165
3.5638
3.82604
3.42817
3.0436
3.93696
3.49001
4.40006
3.305
4.04651
2.73028
3.03051
3.58839
3.42337
3.53145
4.33176
3.33354
4.01355
4.08763
4.33146
2.90744
3.93105
3.54119
3.75217
3.92226
3.37996
3.66336
3.54246
4.20545
3.08577
4.64543
3.24543
3.75271
4.14053
4.14605
3.14501
2.61051
3.86349
2.86392
3.25872
4.07168
3.35901
3.84405
4.62832
4.29106
3.14855
3.75172
3.61587
1.693
3.38802
3.27708
3.67228
3.53313
3.80281
4.44374
4.12347
3.73452
3.09782
3.59646
4.537
4.38386
3.41548
3.55871
4.40498
3.6822
3.90766
2.21021
2.88653
3.47381
3.78858
3.79212
3.69611
3.26932
3.95126
3.41859
2.83762
3.48693
4.46332
3.64334
4.24345
3.33527
3.33743
3.68257
3.73931
3.82093
3.74534
3.99775
3.28386
2.56232
2.96994
3.49835
3.52631
4.00701
3.83591
3.69014
3.11969
3.30483
3.03893
3.9806
4.10872
3.66499
3.15062
3.37091
3.65972
3.53982
3.22265
4.40523
3.78699
2.78871
3.56309
3.23751
3.4009
3.18382
2.72826
3.05919
3.22726
4.06126
3.52531
4.45817
3.86832
4.61372
3.39077
2.36009
3.52369
3.52015
3.24432
3.28728
2.8801
3.00781
3.98602
2.97323
4.3231
3.77605
3.94199
4.08947
3.83787
2.89265
3.63836
4.69757
2.82022
3.68707
3.85518
4.01424
3.72908
3.62381
3.4764
3.52449
4.66299
3.22231
3.0903
3.06961
3.55524
3.42789
3.61617
3.39537
3.34001
2.82717
3.932
3.82188
2.90515
3.42204
4.0856
3.69432
3.20028
3.95371
3.79936
3.87272
3.46552
3.46146
3.83701
3.00074
3.81739
2.8103
3.92855
4.1372
3.56752
1.70376
3.30733
3.40092
3.83928
3.99894
3.85009
2.60401
2.88571
3.72759
3.78245
3.57026
4.15122
3.4211
3.78884
3.56714
4.51104
4.75184
2.88045
4.00949
3.28508
3.17124
3.50675
3.67873
3.74862
3.87189
4.48431
3.51662
3.43493
3.86997
3.31919
3.48741
3.76119
3.02328
1.85556
3.89482
4.04415
3.72273
3.02484
3.30036
2.53969
4.19779
3.79262
3.26407
3.47451
2.9908
3.81289
4.51582
3.43367
2.74462
4.00991
3.42696
3.11574
3.58824
3.00662
4.51685
3.9016
3.70719
4.15634
4.65819
2.65568
3.95729
3.70876
4.24365
4.10538
3.24797
4.0345
3.50186
3.56343
2.61324
4.04133
3.84078
4.03474
3.76001
3.82678
3.78843
3.90961
3.21185
3.70308
2.70504
3.36605
3.67575
2.95518
3.5942
3.05325
3.06209
2.67604
3.41261
3.06173
3.70453
4.21645
4.13955
3.33635
3.1977
3.24732
2.92435
2.90262
4.11934
3.69052
3.54336
4.12311
3.57683
3.66534
3.48876
3.31183
3.31292
3.56082
3.11335
3.2552
3.62333
4.0792
3.46267
4.12216
3.3618
3.78899
3.48855
4.08687
3.30805
2.95835
3.83747
3.10287
2.75817
4.06735
3.3775
3.01319
3.19491
3.68333
3.13634
4.1101
3.38497
3.88438
4.72566
2.99332
3.16976
3.15472
3.39744
4.36687
3.9629
2.6766
3.33761
4.86142
4.12888
3.76559
3.68357
3.5044
4.09218
3.81184
2.90231
4.53212
3.39053
2.85383
3.34753
3.62218
4.09734
3.34001
3.20254
4.02276
4.15212
4.31456
3.27797
3.73036
2.73234
4.16956
3.48163
3.04261
3.44501
3.50041
4.35907
3.90021
4.09683
2.83754
3.42155
3.04206
4.22908
3.73743
2.86979
3.67506
3.49837
2.63722
3.81869
3.1513
4.00784
3.07681
4.06008
3.64506
3.234
2.54494
4.24103
2.58321
4.43671
3.37705
3.68686
3.52898
3.63288
3.91285
4.19073
3.68153
4.24511
3.63468
3.63412
2.77207
3.98376
3.5262
3.32539
4.24977
3.29601
3.59996
3.75829
3.80129
3.83324
2.70392
2.96804
2.77425
3.14007
4.18444
3.16047
3.29928
3.04982
3.38257
3.31419
3.2982
3.51433
2.93929
2.78301
3.46715
3.4603
2.95539
2.80309
3.6283
3.46283
3.18191
3.69356
3.57538
3.13188
3.19829
3.35802
2.50631
3.67595
3.92413
2.89284
4.0109
3.8653
4.11191
4.23367
3.4011
3.92924
3.81163
2.16973
3.62106
3.64051
3.94828
3.08339
3.98376
3.00705
3.69233
3.39877
3.88238
3.68541
3.25101
4.00809
3.9736
3.72161
4.78507
4.09775
3.16767
4.02401
2.9856
3.86355
4.12001
3.05695
4.26708
3.17853
3.0549
4.07044
2.91828
3.73065
3.7976
4.49053
3.27558
3.40692
4.01038
3.72462
3.87087
3.62134
3.71701
4.15446
3.5024
4.01914
3.35907
2.98813
3.72186
3.59431
4.55735
2.86803
3.32131
3.80329
3.15332
4.02592
3.28576
3.37626
3.68075
3.09528
3.9692
3.65779
4.03127
3.06401
4.11294
3.19867
4.42583
3.5961
3.04374
4.0015
3.67337
4.32123
3.35977
3.70536
3.77608
4.05251
3.5081
2.86342
4.1064
3.44973
3.33835
3.49448
3.44776
3.86385
3.51364
3.17252
3.54968
3.15849
3.22956
4.69416
3.85484
3.30967
4.17215
3.42227
4.3415
3.95312
4.0593
3.04409
2.72623
3.57544
4.46319
3.65784
3.33615
3.97317
3.88756
3.67064
3.40585
4.29342
3.31173
4.05775
2.95472
4.08523
3.53486
3.09413
3.7034
3.57415
3.49345
2.38112
3.732
4.16288
3.60687
4.04273
3.01149
4.16475
3.5977
3.84635
4.33929
3.43757
4.09784
4.0651
2.76069
4.6543
4.00024
4.08851
3.92187
4.22571
2.57947
2.83225
4.22999
2.9006
4.28932
4.17845
3.95105
3.46598
3.71421
3.70761
3.54399
3.78782
3.46139
3.1757
2.7913
3.60074
4.13258
4.07355
3.78191
4.23172
3.21581
3.97921
4.27672
3.55857
3.82756
3.27712
4.04028
2.60605
3.90541
3.46468
3.74126
3.45493
3.61829
4.20774
2.75638
4.00046
2.50177
2.45182
3.68244
3.57528
3.6738
3.25445
3.72525
4.29693
3.38795
4.17183
3.56403
3.76982
3.90261
3.43127
4.36274
2.99503
3.34298
3.61206
4.50777
3.43895
3.84358
3.93865
2.85032
3.59603
4.16665
3.67337
3.58945
3.12946
3.31229
3.86837
3.51204
3.75744
3.37547
3.55802
4.88548
4.62396
4.02115
3.36263
4.30119
4.00385
4.16944
3.92541
3.94171
3.08254
3.39918
3.02083
3.08994
2.95644
4.0261
3.43828
3.60158
3.89861
3.66077
3.8924
3.27381
2.576
4.20147
3.74267
4.26964
3.71901
3.53996
2.91203
3.61275
3.62409
4.11387
3.2563
3.86659
3.04034
3.41776
3.68227
3.91481
2.80377
3.96115
3.78822
2.95176
3.76994
2.99827
4.11887
3.3293
3.51323
2.80111
3.86767
3.42681
3.64984
2.20818
3.76068
2.96691
3.45945
4.33542
3.94657
3.26244
3.31755
3.067
3.94087
4.19055
2.76975
2.86302
2.93952
2.85988
4.19631
3.68406
3.94709
3.46697
4.41398
3.91442
2.23976
4.22444
3.00067
1.73726
3.70577
3.78427
3.59012
3.55355
3.47619
2.76613
4.21281
3.5051
4.58778
3.50814
3.87853
3.9322
3.27309
3.53225
3.94779
3.53053
3.2617
4.53138
3.48589
3.61981
3.47426
3.75756
3.69208
3.60975
3.8602
4.44377
3.55738
3.9234
3.3042
3.21855
4.02591
4.24582
3.35972
2.94729
3.79314
4.1674
3.39941
4.20951
3.24741
4.34665
3.84235
2.23612
2.84972
3.30014
4.02484
3.81553
3.14063
4.12489
3.63488
3.09797
3.34241
3.31986
4.14087
2.95173
3.21976
3.56819
3.06885
3.7107
3.40293
3.50423
3.37544
3.58394
3.9789
3.00748
3.77944
3.6863
3.71511
3.39669
3.79596
2.86984
4.11139
2.63861
3.63861
3.69674
3.84086
3.01776
3.46857
3.1102
3.98529
3.81156
3.84959
3.10687
3.0413
4.09642
4.10851
3.37538
3.2357
4.0686
4.02517
4.71283
3.56952
3.55961
2.91963
3.82369
3.44968
3.57526
3.97999
3.4848
4.3905
3.73066
3.44793
2.93736
3.92016
2.68397
3.71487
3.72173
3.17833
3.10238
4.34031
3.80318
3.31599
4.00607
4.1407
3.54561
3.56082
4.01166
3.50125
3.47191
3.65391
3.78197
2.81757
3.91188
3.23018
2.95913
3.98912
4.19321
3.73497
4.4702
4.27377
3.97981
3.44539
3.99058
2.75104
4.05293
3.43341
3.86628
4.39919
3.9055
3.24703
3.56786
3.63115
2.76813
3.32633
2.93276
3.59974
3.61978
3.33097
3.85158
3.94958
3.54829
4.14477
3.58332
3.98059
4.06402
3.64761
3.95798
3.53567
4.44126
4.0436
3.16606
3.73359
2.85937
4.12805
2.8502
3.32742
3.84414
3.24453
4.4603
3.92044
3.14767
3.61101
3.09251
3.99056
2.47663
3.00686
2.35888
3.95398
4.06922
4.55897
3.82411
3.68764
3.91237
3.15339
3.67695
3.84571
4.00607
2.91286
3.9656
1.68846
4.06806
3.57224
3.6619
2.63239
4.15465
2.05554
3.8032
2.90917
4.17785
4.34719
3.91613
2.99994
3.47363
3.25119
4.8161
3.42294
3.52156
3.79729
4.03653
3.4108
4.09134
3.4516
3.7168
3.91608
3.52644
2.16613
3.3951
3.07138
3.16475
3.70689
3.34713
4.20902
4.09985
4.40045
3.59127
3.85312
3.18693
3.63247
4.64441
3.01557
1.77592
4.1579
2.347
2.90361
3.49655
3.28641
2.20416
3.54826
2.89346
4.06064
2.53783
3.24514
3.38927
3.12938
3.57154
3.2805
2.82675
4.30638
3.95238
3.40828
3.47411
2.89997
4.04499
3.48765
3.43592
4.02963
3.37738
4.50974
3.32125
3.93214
4.05404
4.01667
3.58678
3.82828
3.88047
3.9579
3.87893
3.24452
2.72392
3.88792
3.49581
3.81165
4.27357
3.74631
2.81567
4.27851
3.19646
3.73934
3.71931
3.90786
3.889
4.26717
3.13248
3.54833
3.62849
3.31413
3.25508
3.07498
3.81183
3.60184
3.87022
3.06045
4.15392
2.89468
4.06771
3.89712
3.47014
3.04621
4.31068
2.84435
3.9972
4.28507
3.6737
3.12395
3.55707
3.7028
3.38262
2.58357
3.43502
3.6798
2.44117
3.39817
3.19198
3.08659
4.04925
2.77901
3.52303
3.72352
2.50543
4.51686
2.95046
2.85384
3.46188
3.80352
3.70679
3.61014
3.71652
3.69554
3.97314
4.53282
3.924
3.89945
3.01812
2.88727
3.25493
4.18977
3.73667
3.40386
3.36819
3.26957
3.79369
3.53594
4.16707
3.77562
4.81574
2.92082
3.66761
3.3684
3.39151
2.91197
3.37144
3.49361
2.95799
4.42946
2.91684
2.6931
3.91413
3.65425
2.90959
3.66938
3.68671
2.99532
3.1051
3.86948
4.01598
4.38033
3.63862
4.49857
3.87871
3.68511
3.48961
2.86047
3.54751
3.09279
4.86388
3.76154
3.54461
4.71701
3.06947
3.00923
3.4859
3.59408
3.64474
3.59481
2.98298
2.86796
3.30885
4.50733
3.60459
3.23563
3.78532
3.70709
3.76965
3.98351
3.87266
3.70371
3.43404
2.74832
3.22926
3.64976
4.1378
2.97004
3.71468
4.35125
2.99714
3.19597
4.40342
3.3318
3.03606
2.86319
4.33747
3.39158
3.04946
3.46397
2.73029
3.02453
4.32755
4.0503
3.89989
2.53533
3.14843
4.17117
4.09049
3.69658
3.75656
3.07335
4.22043
3.25505
2.88797
4.20325
3.06305
2.82838
3.76606
3.44713
3.56469
3.47229
3.28599
3.38769
3.79938
3.88984
3.66377
4.78184
3.92181
3.53541
2.79437
3.30858
3.75268
3.90361
3.03762
3.80638
1.66888
3.67859
3.83119
4.17227
3.34538
3.75557
3.40913
3.33048
3.15691
3.63028
4.09836
3.03212
3.52832
3.38569
3.01787
3.77962
4.15562
3.77532
2.83459
3.09192
3.58649
2.88433
3.97295
3.46496
3.97414
4.00693
4.15084
2.46907
3.29158
2.94164
3.92749
2.97355
3.77725
3.01887
3.51187
3.474
3.49567
4.15903
3.01218
3.83631
3.41052
2.96872
3.85684
3.54323
3.29819
3.54585
3.17901
3.30348
4.04682
3.62032
3.81768
3.22774
4.04186
3.46616
3.75463
2.8129
3.48382
3.4573
3.55677
3.49936
4.12901
4.69155
2.5021
3.37028
4.1476
4.05917
3.01074
2.32789
4.26293
4.26114
4.32776
3.47368
3.83196
2.90078
4.19319
2.51232
3.32938
3.56989
3.62628
3.80835
3.47329
2.64717
2.78415
2.95664
3.98237
3.94721
2.71816
2.88771
3.83628
2.57827
3.46561
3.4593
4.04028
3.98672
3.71637
3.94352
3.64784
3.44442
3.93197
3.72238
3.57894
3.95857
3.87789
3.92413
3.22863
4.24324
3.7101
3.71481
4.00856
3.77735
3.31403
3.52577
3.67596
2.85144
3.72791
3.46645
3.31476
3.42876
3.83439
3.57357
3.15054
4.04457
4.06309
3.42613
3.67562
2.7165
2.94277
2.95642
4.29206
3.62809
3.33819
4.09053
3.69141
3.69755
3.43084
3.8075
4.21951
3.15316
3.77738
4.48431
3.23758
4.23045
3.24435
3.26392
3.40755
3.3712
3.62166
4.05119
3.8792
3.49976
3.43586
3.70658
3.16175
3.55387
3.38865
4.24512
2.77108
3.19174
3.28525
4.17667
3.69831
3.16403
3.21433
3.16759
3.7628
3.88758
3.2915
3.48576
3.99894
2.65726
4.09723
2.92887
3.30761
3.62052
3.55775
3.34838
3.50353
4.74866
2.86506
3.76543
3.05904
3.62292
3.07875
3.32378
3.73774
3.80389
4.38939
3.35565
3.23682
2.73175
3.37021
2.58607
3.4794
3.09917
3.93374
3.34225
3.65979
3.03989
3.6197
4.59935
4.58957
4.04105
3.68454
3.58885
3.37565
3.3711
3.38652
3.62495
3.63164
3.70222
3.54808
3.5574
3.40701
4.00862
3.94477
4.07718
3.8175
2.42825
3.74321
3.80521
3.89709
3.09272
3.57452
3.55436
3.59599
3.2377
2.94831
4.20529
3.06706
4.49741
3.09512
4.09888
3.85644
3.97276
2.59825
3.82651
3.36463
2.9414
3.39101
2.72803
3.91489
3.43614
3.90044
3.45373
3.89561
3.96427
3.91225
3.52028
4.1557
4.24492
3.49539
4.42589
3.73683
4.36123
4.01041
3.44449
2.8118
4.74615
3.75072
3.46619
3.4233
3.29915
3.22532
2.71541
3.94332
4.32877
3.53916
4.15667
3.25107
4.51537
3.98969
2.98247
2.30954
3.59833
4.36248
3.63553
2.84481
3.86259
3.3711
3.5782
4.3203
3.95073
3.57541
3.6466
3.7155
3.67486
3.52041
4.11975
3.9585
3.3391
3.99499
4.22685
3.67359
3.75845
2.78569
3.82944
2.62284
2.94284
3.08276
2.94086
3.30322
3.33133
2.85397
3.8453
3.29207
3.1914
3.59453
3.13525
3.76632
3.57187
4.29905
4.26116
3.42236
3.47845
2.89002
3.37084
3.28544
3.06447
4.07593
2.48373
2.52174
3.84271
3.62349
3.43475
3.57002
3.30966
4.24141
3.96244
2.97399
4.54832
4.02594
2.78019
3.76244
3.08911
3.63312
2.87661
2.39407
3.39973
3.74914
3.04015
3.72702
3.49075
3.54505
3.18385
3.70902
3.21757
3.30924
4.17482
3.49708
3.45796
3.51904
4.02593
3.45635
2.44603
3.2425
3.39262
3.25754
4.37112
3.55615
4.18637
3.74022
3.64809
2.58373
3.06553
3.74106
3.4141
3.75171
3.00443
4.05728
3.49386
3.37959
3.36344
4.00125
4.26645
3.87702
3.17811
2.78543
3.534
4.12692
3.06246
2.91979
3.82385
3.47807
2.98535
4.40749
4.12996
2.11159
4.2215
3.60047
3.78123
4.16674
4.2743
2.97543
3.80397
2.95594
3.848
3.54307
2.90444
3.04214
3.67312
3.53928
2.80707
3.66982
3.43948
3.41303
3.46538
3.15605
4.05434
4.16594
3.85577
3.54177
3.87465
3.17375
3.46543
3.44273
3.5172
3.55292
3.49985
3.64689
3.63424
4.08783
3.25477
3.69213
3.11608
3.33738
3.95553
4.24854
4.08713
3.10851
3.1998
3.52588
3.25716
4.10853
3.23082
4.12663
3.56095
3.3721
3.75251
4.56952
3.92705
3.18087
4.15478
3.83133
3.95776
4.77151
3.67109
3.77832
3.28197
3.58698
3.17614
2.93456
3.09356
2.75533
3.86508
3.0872
4.36056
4.75783
4.13106
3.43056
3.74163
4.17884
2.86672
3.82244
3.04767
3.22877
2.55044
3.59193
3.41066
2.96542
3.62532
3.94037
3.34201
2.67088
2.99539
3.84566
3.57813
3.77262
4.59411
3.94761
3.26825
3.19653
3.15082
4.76059
3.30237
4.13766
4.75012
2.78795
3.60037
3.00237
3.7523
3.65575
3.9131
3.16807
3.48984
4.22327
4.3602
3.84977
4.33708
2.9462
4.01739
3.83742
3.29416
3.5327
3.95521
3.45891
3.3089
3.73636
3.28225
3.74909
3.6666
3.56856
3.1667
2.80721
4.33399
3.80653
3.4514
3.93393
3.60704
2.53726
2.84154
3.47654
4.49866
2.92276
3.52128
3.26614
2.22471
3.0062
3.81261
4.67478
3.38632
3.43335
4.20226
3.72098
2.56319
3.46498
3.70514
3.38873
3.0819
3.6132
3.27038
3.52076
3.27502
3.06091
4.17357
3.57851
4.43422
3.70569
2.68452
3.02076
3.92635
3.68618
3.07406
3.31372
3.90489
4.15313
3.96071
2.99059
3.80604
2.89273
3.39246
3.70618
3.3586
3.33557
2.63357
2.53399
3.59652
4.68544
3.6179
3.81852
3.6231
3.7112
3.93661
3.11245
3.5502
4.16514
4.33234
2.91189
3.15486
3.26613
3.86002
2.91665
3.7041
3.81382
4.62813
2.93592
3.76344
3.54202
3.02541
2.79541
3.46725
3.2071
3.30721
4.13064
3.63509
4.05185
3.07652
2.4413
3.47675
2.72537
4.5736
2.79891
3.75292
3.91726
3.43442
3.21245
4.02031
2.93369
4.25562
4.04202
3.69058
3.63079
2.72625
3.91305
2.51505
3.34211
4.56633
4.05211
3.56282
3.64036
3.10048
3.13919
4.07681
2.77123
3.18652
3.52355
2.78881
3.48471
4.06599
4.24582
3.0335
3.70537
3.93378
3.84476
3.84088
2.96776
3.2199
3.21393
3.67147
4.03358
4.30205
4.79427
3.92567
3.25467
3.87219
3.53778
4.29949
3.14642
3.63332
3.92241
4.16764
3.65502
2.93001
4.52238
3.51001
3.89519
3.47303
3.64384
3.52439
3.10463
3.41189
2.87783
4.28803
3.26308
3.15267
3.58363
3.11147
3.62404
3.44214
2.56001
4.13217
3.68435
3.69953
3.56366
3.8851
3.89898
3.03976
3.73686
3.68231
3.09753
3.72631
4.34332
3.79646
3.51451
3.37181
3.87406
1.76351
4.18822
4.30726
3.91878
3.72964
3.01686
3.26728
2.33541
3.89639
3.15596
3.09724
2.80589
3.05964
2.86846
3.59267
3.7129
3.89209
3.17766
4.14492
3.04416
3.36058
3.66952
3.4861
3.0468
3.47737
3.22955
3.59299
2.99506
3.82223
3.20992
3.71006
3.70454
3.29182
3.87344
3.8218
3.54446
3.92751
4.55321
4.07748
4.39258
4.01002
2.5171
3.55582
3.76205
4.23854
4.13748
3.96391
3.82564
3.78926
2.61196
3.7768
3.80689
3.58747
4.09859
3.6563
3.47547
3.3169
4.03348
3.66172
3.02158
3.13359
3.14953
4.0956
3.12062
4.07272
3.44003
3.45158
3.76705
3.44865
4.44065
3.0795
3.87381
4.2612
3.9004
3.27233
4.25965
4.75058
3.92719
3.61692
3.43197
4.18711
3.79928
2.95191
3.38492
3.61408
3.99651
2.84986
4.10036
3.15847
4.23788
3.47559
3.31463
3.82276
3.53427
3.46899
3.82176
3.45168
3.52776
3.19743
3.14325
2.99436
4.52321
3.75855
2.98077
2.92274
3.84323
3.61395
4.01749
3.07274
3.32875
3.54674
3.80195
3.24537
3.90569
3.97547
3.23359
3.99578
3.96774
4.3586
2.92016
3.95238
2.66163
4.70346
2.34304
3.70479
3.8689
3.00475
4.06608
3.2714
3.87073
3.65334
3.54037
3.51605
2.91703
3.70357
3.43295
3.74022
3.71047
3.4293
3.77887
4.17345
3.91982
3.04106
3.37131
4.59644
4.04307
4.19009
3.59896
3.63375
3.567
4.24141
3.79576
3.41119
3.1948
3.11767
3.64425
3.69291
2.40165
3.98344
3.78855
3.82952
3.29085
3.06519
3.77386
3.86666
3.23862
3.38224
4.00648
2.9946
3.64997
4.01663
3.58037
3.24424
2.44696
3.30132
3.55437
4.13958
3.49189
2.27485
3.89405
4.60889
3.75829
4.10953
3.17983
3.81048
3.75302
2.36354
2.49384
3.24227
2.48454
3.6659
3.8673
3.28243
3.33491
3.93226
3.47823
3.25367
3.07698
3.6075
2.02792
4.2838
4.04915
3.88624
3.78234
3.36938
3.44956
4.04885
4.04046
3.38933
2.66801
3.3741
3.82728
3.92819
3.54186
3.71341
3.0911
3.37618
1.90744
2.47399
3.56452
3.03157
4.16338
3.57453
2.83718
3.65927
3.48502
3.389
4.42819
3.24001
3.45445
3.39287
3.70859
2.89641
3.44981
3.62694
2.53584
2.32838
3.52256
3.58793
3.09292
4.37536
3.49078
3.58938
3.67396
3.19729
3.67817
3.11108
3.05959
3.60451
4.00049
3.40421
2.81113
3.50641
3.73796
3.07016
3.65482
3.04221
3.15109
3.7374
3.65321
3.45375
3.34976
3.16501
3.55547
3.7533
3.75832
3.85021
3.13757
3.68815
3.67642
3.15958
3.21947
3.5379
3.09257
3.63384
4.37289
3.03535
4.18372
3.94485
3.21507
3.82074
3.04727
3.6409
2.65101
3.81068
3.97049
2.63084
3.62688
3.37775
3.58536
3.23917
3.08088
3.51338
2.72642
1.9852
3.28178
2.83349
4.21122
2.89166
3.86695
2.9796
4.18449
3.59437
3.67263
3.1778
3.21095
3.44152
3.46149
4.08228
3.39458
3.81316
3.39602
3.71051
3.51141
3.69473
2.14804
3.17755
3.82981
3.03974
3.48164
3.83605
3.59122
3.271
2.65592
3.53007
3.43557
3.56577
3.14286
3.28959
2.90263
3.1008
2.31462
3.20377
4.79115
2.95407
3.64779
4.17892
4.33165
3.27478
3.90504
3.81901
2.52283
4.27576
3.40647
3.00416
3.51076
3.15734
3.90337
3.7524
3.80271
3.92476
4.60158
3.68439
3.62597
4.18686
3.27072
3.83039
3.97655
2.3844
3.07395
2.99204
3.5457
3.19821
3.72296
3.14837
3.3703
3.9984
3.47656
3.66446
4.22844
3.35272
4.02516
3.02524
4.09817
4.20361
3.41339
3.17025
2.89809
2.84592
3.42159
4.01958
3.75737
4.03057
3.79707
4.17296
3.75252
3.42531
2.39998
3.29169
3.69791
2.69216
4.02473
3.67877
3.00381
3.64531
3.93791
3.30638
3.85869
3.04358
3.52557
3.81419
4.0014
3.00492
3.58839
2.92531
3.75901
3.14468
3.46095
4.17414
3.33702
3.20892
3.98362
3.9396
3.48845
4.07862
3.59374
3.56002
3.06757
3.3593
3.11557
4.11517
4.26918
3.77756
3.63881
3.40922
2.36969
4.38713
3.46535
2.9781
3.20033
2.96502
3.52453
3.72842
3.01186
3.6479
3.29845
3.59892
4.48929
3.15767
3.87657
2.75203
3.19271
4.56327
3.25046
3.60726
3.73804
4.16748
3.5409
3.51776
3.63434
2.60916
2.67435
4.02611
2.90095
4.089
4.0383
3.21193
3.91461
4.33207
3.69622
4.34307
3.89522
3.02329
4.30349
3.35087
4.28698
3.54196
3.69066
4.34468
3.23866
3.55926
3.66043
3.34609
4.0565
3.19463
3.27586
3.89638
4.27728
3.48138
3.89131
3.31668
3.61099
4.28902
3.51363
3.05275
4.23239
3.18512
2.45903
3.73287
3.64649
3.78194
4.32239
3.01621
3.32558
2.99088
4.30688
3.71614
3.54912
4.2504
2.93929
3.42137
3.48015
4.31177
2.62777
3.16908
3.78733
3.16471
3.6201
3.51715
3.47518
3.22454
4.54224
3.86903
4.10062
4.13064
3.82199
3.94749
4.48472
4.36672
4.55054
2.97462
3.5893
2.64244
3.26721
3.91044
2.44606
3.04474
4.11505
4.07363
2.42601
3.89866
3.78536
3.26919
3.71399
3.24487
3.19235
3.79785
3.71652
4.09363
3.33114
3.66768
4.05478
3.59166
4.3076
4.64746
2.95609
4.05509
3.16237
4.44366
3.73992
3.9559
4.28535
4.50767
3.21063
3.47033
4.26399
2.22392
3.47625
3.91984
4.00919
2.84888
2.77338
2.87324
3.95801
3.67351
4.03164
2.7841
3.2153
4.28739
4.05229
2.38719
3.79529
3.3479
3.78279
3.8498
2.55078
3.86412
3.22952
3.55886
3.75976
4.09456
3.60289
3.78046
3.08477
3.28491
2.66053
4.4099
3.49856
3.3247
3.43121
3.48281
3.27593
4.30459
3.5992
2.76254
4.61695
3.48778
4.58821
3.65507
3.78297
3.4985
4.32102
2.8989
2.81782
3.67287
3.30433
4.02746
3.41859
2.97806
3.36477
3.36943
3.26479
3.25174
3.6767
3.84511
2.61411
3.8888
2.69977
3.08937
4.60362
3.46511
4.46283
3.06973
3.23963
3.77406
3.53639
3.6058
3.61228
4.24288
3.96625
2.75906
2.84954
3.41758
3.30142
3.7843
3.32928
3.97398
2.91346
4.22669
3.57104
4.49919
4.2887
3.40185
3.4621
4.17783
3.68409
3.87033
3.64138
3.391
3.62155
4.16227
3.04254
3.85117
3.26129
3.15106
3.87208
2.24994
4.1133
3.24216
3.58709
3.71696
4.53389
3.49086
2.83251
4.21741
2.46329
2.96368
3.66617
3.46395
3.72283
3.04937
3.67679
3.10949
3.68074
4.33461
2.44097
4.19517
3.42446
4.03994
3.88764
4.06853
3.13676
3.7274
3.99524
3.49455
4.11855
4.06394
4.57915
3.19862
3.4366
3.73942
4.10646
3.09637
3.25739
3.24195
3.65377
3.78333
3.27272
3.92175
3.53521
3.89234
3.6762
3.82201
4.01397
3.56197
3.60369
3.74181
3.06173
3.40454
3.27395
3.29266
4.25252
3.42745
2.9103
3.86508
3.73477
3.71377
3.86029
4.62941
3.38014
3.25955
4.23629
2.99176
3.03032
3.99884
3.69891
3.10648
3.75682
3.19691
3.23612
3.91815
4.02265
3.95548
2.99904
2.72066
3.85991
2.97316
3.30273
3.84429
3.99661
3.48083
3.15026
4.53921
3.17377
4.43409
3.29654
3.39254
4.21757
3.67427
2.75888
4.18262
3.77027
4.20637
4.0728
3.54632
3.54354
3.6021
2.94252
2.80479
3.49823
3.83955
2.86493
3.57247
4.01859
4.53175
3.08776
3.1979
3.63883
2.94389
3.1792
3.1675
3.91949
3.14463
2.46176
3.92957
3.00152
4.17103
2.95606
3.75085
3.54695
3.35451
1.79521
2.51713
4.67535
3.52902
3.26488
2.62621
3.32865
3.35909
3.60985
3.49106
3.49655
3.28691
3.41593
3.18421
2.80349
4.70097
3.61965
4.07056
2.21616
3.0869
3.65657
3.40217
4.42265
4.40211
4.08491
3.85449
3.11005
3.93655
3.19342
2.50497
3.44429
2.86225
3.52981
3.43397
3.64748
2.94599
3.10865
3.6128
2.23132
4.0081
4.33644
2.93802
4.00453
4.07664
3.20246
3.3932
3.28579
3.43008
3.71767
3.8531
3.68551
4.08038
4.45025
3.99517
3.04327
4.41634
3.4878
3.0311
3.02044
4.13064
3.66109
3.33559
4.04825
3.62689
3.78987
4.01583
4.80539
3.88111
4.18477
4.06158
4.25228
2.74717
3.86271
3.89427
2.871
3.71787
3.6248
2.93023
3.1864
4.5017
3.50473
3.7698
3.01494
2.58713
1.43687
3.79144
3.46822
3.63551
3.52398
3.44016
3.68883
3.14496
3.33074
3.99292
2.93859
3.3763
3.32258
4.04507
4.48381
3.04933
3.48087
3.74852
3.76088
4.50624
3.29439
3.91469
2.94774
3.53359
3.87909
3.24489
2.90021
3.72665
3.42089
1.80502
3.56253
2.98608
3.71767
3.38054
3.44507
2.4064
3.47219
3.62543
2.71901
4.65808
2.8718
2.86411
3.49827
3.68194
3.82081
4.10902
3.87274
2.72784
3.70618
3.59545
2.714
4.13992
2.8797
3.64367
4.14965
3.44821
4.06004
3.99899
3.97902
3.62573
3.68977
1.88976
3.00797
4.01699
4.49881
4.05959
2.73272
3.35598
3.84055
3.89918
3.79327
3.80948
4.46486
2.74013
2.75635
3.78221
2.86002
3.88735
3.53217
3.92912
3.77736
2.17471
3.21699
2.81614
4.18984
3.31986
2.66865
3.04537
3.47142
3.00361
3.81511
3.99292
3.89863
3.42735
3.63815
2.79863
3.35763
3.24444
3.46404
3.39161
2.93287
3.54756
3.90482
3.49403
4.20834
3.3567
4.13523
2.77734
3.66186
3.03914
3.65364
3.31797
3.95757
3.19842
2.57216
4.17954
3.44065
3.59971
3.37994
4.3199
3.84538
2.78048
3.97963
3.94826
3.44335
3.19764
3.74926
3.26846
3.67376
3.82377
3.557
3.3202
3.6187
3.90437
3.51849
4.12904
4.49217
3.6834
4.41211
4.25229
3.73936
3.44136
3.66406
3.69354
3.70131
3.61249
3.54093
3.41558
3.6554
3.45036
3.49502
3.69115
3.78291
2.69222
3.07499
3.26039
3.95443
3.80263
4.53131
3.78259
2.50693
3.83581
3.57073
4.71873
3.10996
4.00244
2.32024
3.88561
4.1946
3.74741
3.7251
3.269
4.04339
3.22075
3.81864
3.71964
3.71334
3.08202
3.70085
3.01594
3.20924
3.93481
3.99208
3.42968
3.46804
3.57143
3.942
3.70843
3.02116
3.32028
3.5273
3.36902
3.49599
4.03034
3.52231
3.15105
2.5751
3.14524
3.35451
3.57851
4.01058
3.60076
3.85076
2.97657
3.29032
3.15317
3.53996
3.16903
4.09238
3.18704
3.37788
3.23357
3.48536
3.2643
2.86821
3.48014
4.35796
3.64167
3.72679
3.8071
2.95271
3.91248
3.97816
4.06055
4.09079
3.13695
3.48729
3.14772
3.22635
3.51637
3.38808
3.57136
3.9447
4.07665
2.9676
3.46706
3.66875
3.70615
3.76981
3.85007
3.47696
4.25982
2.98105
3.40991
3.9257
2.45439
3.33927
3.59499
3.62857
3.02068
3.27714
3.07568
3.74597
2.8333
2.64474
3.84202
3.15989
3.2437
2.63019
3.8346
3.65492
3.84195
2.59981
3.02873
3.20908
3.20354
3.70393
3.28562
2.82809
4.32182
3.72166
3.86268
2.9813
4.31329
3.67004
3.4336
3.08384
3.78333
3.32898
3.87202
3.60479
3.14143
3.41003
3.98445
3.55172
2.1437
3.43981
3.69124
3.41087
3.95614
3.56339
3.37142
3.61501
2.65348
3.31907
3.10072
3.32167
3.61642
3.94318
3.6776
4.26374
3.11822
3.25785
3.94298
3.55343
3.96242
4.32785
3.65534
4.48667
3.88957
4.3595
3.16206
3.1532
2.96696
3.18179
3.63071
3.74657
2.84791
3.17497
3.6107
3.5321
3.82407
2.12503
4.20918
4.20871
2.40101
3.7507
2.72257
3.99243
3.98393
3.37379
3.62462
3.37668
3.91857
3.51281
3.82105
3.12987
3.49514
3.32789
3.70434
2.91428
3.80391
3.73407
3.76897
3.69557
4.00951
4.25535
3.46268
3.29426
3.34006
2.66971
3.07241
3.41377
3.83321
4.04298
3.45433
3.60763
2.74602
4.01354
4.2668
3.8837
3.11862
2.99449
3.18052
3.32809
2.75087
4.04539
3.40432
2.88849
2.77751
3.31061
3.38768
3.71047
3.97129
2.98262
2.81193
3.78938
3.90097
3.9008
3.33781
4.187
3.66094
3.65942
4.10036
2.9272
3.1226
3.56049
3.32814
3.83057
2.91608
2.69367
2.71772
3.52727
4.02718
3.34213
2.8454
3.70525
3.84039
3.63192
2.90834
3.17945
2.86454
3.27747
3.6847
3.44389
3.40974
3.83716
3.80858
3.52684
3.73966
2.42327
4.3376
3.00418
2.87474
3.2867
3.18634
3.19882
3.88703
3.64673
4.31233
3.68432
3.81047
3.67824
3.92552
3.42689
3.32706
4.32617
3.22979
3.61554
3.91707
3.9461
3.65684
3.49055
4.55739
3.64695
3.65995
3.36052
3.84836
3.64669
3.84412
3.92388
4.32754
3.84251
3.08634
3.59956
3.87989
3.90551
4.42225
3.5738
3.97116
4.3368
3.95404
3.28294
3.78557
4.46205
2.99986
4.55955
3.61165
4.13223
3.23627
3.72724
3.66421
3.7015
3.50556
3.44512
3.80913
4.29709
3.48261
3.10644
3.4644
4.30701
3.12811
3.47893
3.4479
3.45098
2.94843
3.91986
2.67315
3.06448
3.86632
2.89247
4.19338
3.70081
3.45153
3.50138
4.29321
3.54313
3.84195
3.92884
3.45403
3.68503
3.88037
3.78435
3.40018
3.46705
4.2489
3.25727
3.6098
2.90851
3.89188
3.83014
3.57234
3.11132
3.07492
3.85877
3.062
3.6956
1.62683
3.65435
3.84676
2.29296
3.45085
3.25441
2.76521
4.11838
3.25574
4.0567
3.53557
3.79277
3.54972
2.79339
3.74027
3.06577
4.44723
3.39416
3.33474
3.68571
3.21171
4.32591
2.94931
3.93102
3.19544
3.5064
3.66757
3.52459
3.0742
3.12429
3.79816
4.18587
2.88619
3.35102
3.5084
3.05688
3.98204
3.30423
3.92316
3.42249
3.43804
3.54973
3.69672
3.17682
4.19065
3.31147
3.70413
3.17778
3.5258
3.7505
4.4225
3.80873
2.97857
2.5247
2.89453
3.50272
3.93513
3.5974
2.88481
3.83749
3.69662
3.28623
3.76079
3.65113
3.71572
3.69711
3.24923
3.74551
4.07992
3.50255
3.76901
3.24147
1.81577
3.69197
4.3366
3.7362
3.75727
3.29975
3.81232
3.81151
2.63826
3.14891
3.52539
3.65184
2.76751
3.97343
3.48298
4.64873
3.43698
3.75511
4.2419
3.34774
3.49093
3.16418
3.54863
3.7133
2.62955
3.07932
3.54133
4.24259
3.24363
3.30602
3.02798
3.08479
3.20277
2.97166
4.32724
2.55267
3.51166
2.22318
4.09537
3.11033
3.58612
3.16966
4.75201
3.85981
3.08982
3.84934
2.83835
3.09534
3.95645
3.68974
2.49669
3.56479
4.19753
3.96685
3.42588
3.03965
3.70209
4.02024
3.85054
2.98481
2.72589
3.64263
3.79789
3.82888
3.54568
2.46498
3.43298
3.85103
3.064
3.36261
4.58438
3.64814
3.33756
4.03305
2.91139
3.73403
4.03725
3.64151
4.32205
4.39053
2.93953
4.00107
2.94386
2.62034
4.04526
3.48141
4.37364
4.08948
3.448
4.17941
4.00184
3.7408
3.10795
3.83141
3.06699
3.82222
3.74381
4.15437
3.34442
3.88835
4.18261
4.27464
3.47247
3.97285
3.71741
3.79468
3.37148
3.53385
3.39611
3.75544
4.06739
3.41513
3.01172
3.56132
3.53387
3.61332
3.70261
3.36336
4.0794
3.46862
4.3224
2.86001
3.6917
3.37682
3.84875
2.93303
3.88834
4.20785
3.94937
3.60081
4.28238
4.17127
3.27238
3.33338
2.98061
3.30064
2.75698
3.90612
1.71652
3.91401
3.67287
4.08259
4.10786
3.61496
2.56668
3.85919
4.14775
4.00554
3.75338
2.8716
2.83289
2.98008
3.74282
3.58228
3.22356
4.46787
2.97814
2.93951
4.00594
3.90217
3.04165
3.74096
2.59518
3.42874
3.23892
3.66636
3.50078
3.84211
2.07903
4.4349
3.39794
4.04508
3.02476
3.69695
3.58758
4.04113
3.41033
4.27001
3.06901
2.10075
4.11543
3.63717
3.59117
4.3864
3.99456
3.9322
4.33994
3.32744
4.00577
4.53804
3.55824
2.7612
4.2583
4.43708
3.72797
2.88751
3.6288
3.33266
4.10005
2.95734
3.32978
3.74097
2.93744
2.90006
3.87814
3.34099
3.836
3.28524
4.0368
3.45411
3.96322
3.7503
4.09237
3.73361
3.18991
3.08154
3.29852
3.60607
3.00782
3.86262
2.51046
