
stacked: 
0 0.5079
1 0.5658
2 0.6256
3 0.6589
4 0.6729
5 0.6931
6 0.7434
7 0.7602
8 0.7771
9 0.7817
10 0.7939
11 0.8083
12 0.8168
13 0.8153
14 0.8171
15 0.8262
16 0.8259
17 0.8343
18 0.8374
19 0.843
20 0.8429
21 0.838
22 0.8492
23 0.8428
24 0.8533
25 0.8566
26 0.8566
27 0.8609
28 0.8656
29 0.8692
30 0.87



#######################################################

not stacked:

0 0.2518
1 0.1906
2 0.1693
3 0.4486
4 0.7217
5 0.777
6 0.8156
7 0.8335
8 0.8557
9 0.8629
10 0.8797
11 0.8878
12 0.8952
13 0.9012
14 0.9082
15 0.917
16 0.9185
17 0.9245
18 0.9263
19 0.9319
20 0.9349
21 0.9383
22 0.9375
23 0.9425
24 0.9451
25 0.9463
26 0.949

